0.821
0.169
0.848
0.014
0.655
0.180
0.864
0.090
0.008
0.171
0.935
0.014
0.855
0.008
0.172
0.193
0.966
0.875
0.550
0.430
0.197
0.878
0.895
0.802
0.852
0.855
0.964
0.960
0.189
0.998
0.010
0.192
0.863
0.812
0.752
0.071
0.004
0.837
0.878
0.842
0.998
0.012
0.867
0.999
0.988
0.871
0.335
0.558
0.649
0.860
0.869
0.866
0.869
0.007
0.539
0.773
0.868
0.381
0.597
0.655
0.008
0.671
0.342
0.880
0.388
0.999
0.799
0.539
0.788
0.574
0.416
0.899
0.410
0.991
0.841
0.862
0.856
0.033
0.871
0.874
0.005
0.870
0.185
0.806
0.870
0.177
0.875
0.996
0.287
0.189
0.953
0.339
0.009
0.008
0.706
0.875
0.178
0.568
0.014
0.516
0.871
0.998
0.850
0.186
0.180
0.154
0.855
0.862
0.180
0.874
0.850
0.877
0.185
0.028
0.923
0.792
0.007
0.185
0.659
0.119
0.883
0.173
0.165
0.722
0.842
0.319
0.182
0.186
0.003
0.863
0.844
0.870
0.602
0.849
0.599
0.866
0.861
0.008
0.905
0.899
0.818
0.163
0.115
0.892
0.007
0.651
0.186
0.747
0.188
0.857
0.861
0.881
0.989
0.011
0.480
0.264
0.109
0.560
0.864
0.188
0.182
0.824
0.752
0.866
0.789
0.860
0.881
0.292
0.796
0.662
0.960
0.019
0.390
0.176
0.774
0.792
0.185
0.756
0.936
0.848
0.317
0.564
0.185
0.896
0.593
0.579
0.563
0.852
0.999
0.999
0.870
0.856
0.182
0.935
0.012
0.607
0.878
0.952
0.860
0.515
0.593
0.889
0.055
0.699
0.792
0.849
0.928
0.930
0.185
0.187
0.844
0.864
0.194
0.563
0.667
0.504
0.810
0.871
0.857
0.005
0.870
0.519
0.009
0.869
0.182
0.857
0.178
0.868
0.021
0.183
0.807
0.031
0.875
0.862
0.184
0.647
0.979
0.182
0.174
0.735
0.786
0.774
0.890
0.794
0.723
0.183
0.845
0.341
0.116
0.819
0.185
0.193
0.889
0.184
0.004
0.872
0.184
0.857
0.860
0.555
0.177
0.838
0.895
0.268
0.893
0.181
0.010
0.804
0.012
0.990
0.514
0.006
0.010
0.180
0.089
0.846
0.721
0.851
0.858
0.810
0.495
0.182
0.865
0.999
0.419
0.882
0.189
0.181
0.014
0.866
0.897
0.968
0.851
0.862
0.489
0.883
0.995
0.638
0.927
0.865
0.249
0.015
0.168
0.302
0.868
0.826
0.391
0.334
0.854
0.142
0.904
0.568
0.787
0.834
0.900
0.626
0.762
0.175
0.872
0.019
0.465
0.333
0.180
0.850
0.828
0.867
0.014
0.792
0.147
0.190
0.181
0.608
0.995
0.734
0.363
0.006
0.193
0.040
0.785
0.038
0.832
0.239
0.181
0.980
0.428
0.711
0.188
0.119
0.036
0.922
0.849
0.723
0.180
0.183
0.917
0.732
0.825
0.997
0.993
0.890
0.188
0.867
0.165
0.827
0.867
0.899
0.043
0.858
0.182
0.180
0.193
1.000
0.018
0.058
0.779
0.012
0.899
0.782
0.843
0.240
0.169
0.523
0.929
0.862
0.994
0.542
0.871
0.733
0.909
0.467
0.038
0.865
0.107
0.786
0.495
0.014
0.821
0.332
0.188
0.862
0.580
0.191
0.617
0.734
0.867
0.499
0.008
0.809
0.889
0.727
0.855
0.192
0.465
0.147
0.289
0.184
0.181
0.344
0.309
0.996
0.970
0.147
0.520
0.179
0.036
0.080
0.888
0.859
0.879
0.999
0.868
0.451
0.723
0.850
0.872
0.175
0.858
0.218
0.846
0.535
0.863
0.208
0.127
0.870
0.180
0.016
0.861
0.815
0.857
0.115
0.124
0.866
0.859
0.864
0.999
0.187
0.381
0.125
0.899
0.975
0.171
0.407
0.030
0.900
0.005
0.059
0.022
0.200
0.363
0.898
0.179
0.018
0.948
0.479
0.855
0.761
0.163
0.203
0.837
0.869
0.476
0.645
0.189
0.867
0.891
0.776
0.856
0.867
0.188
0.009
0.399
0.756
0.180
0.936
0.013
0.550
0.809
0.010
0.181
0.495
0.008
0.533
0.431
0.654
0.593
0.182
0.999
0.175
0.183
0.434
0.899
0.206
1.000
0.901
0.832
0.514
0.006
0.845
0.015
0.241
0.773
0.316
0.507
0.036
0.203
0.337
0.088
0.863
0.180
0.522
0.863
0.869
0.011
0.295
0.863
0.925
0.830
0.129
0.480
0.999
0.063
0.009
0.012
0.867
0.893
0.788
0.185
0.185
0.613
0.870
0.008
0.780
0.826
0.798
0.859
0.934
0.207
0.552
0.025
0.668
0.948
0.002
0.204
0.052
0.853
0.594
0.982
0.526
0.003
0.007
0.988
0.060
0.185
0.859
0.869
0.189
0.896
0.831
0.615
0.874
0.883
0.135
0.361
0.954
0.016
0.668
0.007
0.182
0.799
0.417
0.856
0.069
0.150
0.166
0.220
0.875
0.756
0.572
0.031
0.883
0.940
0.862
0.184
0.795
0.843
0.909
0.012
0.411
0.932
0.628
0.851
0.775
0.064
0.789
0.887
0.468
0.854
0.859
0.994
0.591
0.863
0.749
0.744
0.538
0.879
0.989
0.200
0.422
0.892
0.117
0.891
0.001
0.307
0.196
0.999
0.012
0.784
0.077
0.800
0.852
0.857
0.185
0.926
0.821
0.848
0.006
0.866
0.733
0.873
0.879
0.396
0.577
0.282
0.130
0.136
0.012
0.573
0.024
0.325
0.006
0.850
0.140
0.934
0.825
0.883
0.857
0.164
0.972
0.802
0.860
0.183
0.563
0.183
0.889
0.707
0.935
0.190
0.821
0.704
0.867
0.798
0.607
0.873
0.152
0.579
0.633
0.725
0.590
0.617
0.874
0.915
0.630
0.202
0.007
0.695
0.822
0.189
0.193
0.822
0.024
0.731
0.013
0.007
0.852
0.856
0.179
0.531
0.569
0.205
0.789
0.194
0.873
0.181
0.535
0.696
0.009
0.836
0.867
0.955
0.902
0.900
0.868
0.626
0.138
0.852
0.869
0.974
0.927
0.926
0.182
0.755
0.013
0.008
0.825
0.859
0.999
0.766
0.184
0.891
0.880
0.581
0.516
0.874
0.149
0.998
0.879
0.400
0.027
0.010
0.876
0.847
0.821
0.162
0.740
0.193
0.019
0.185
0.870
0.722
0.840
0.502
0.944
0.472
0.482
0.876
0.918
0.198
0.829
0.177
0.865
0.825
0.769
0.856
0.874
0.999
0.927
0.189
0.998
0.834
0.560
0.384
0.810
0.680
0.815
0.188
0.852
0.877
0.585
0.824
0.758
0.614
0.078
0.111
0.869
0.883
0.869
0.794
0.412
0.739
0.927
0.858
0.448
0.893
0.153
0.599
0.007
0.144
0.010
0.862
0.215
0.201
0.758
0.847
0.003
0.685
0.012
0.175
0.842
0.349
0.240
0.016
0.946
0.014
0.928
0.433
0.187
0.175
0.181
0.178
0.786
0.686
0.856
0.083
0.755
0.188
0.817
0.168
0.840
0.006
0.814
0.932
0.088
0.837
0.505
0.637
0.774
0.931
0.095
0.512
0.848
0.086
0.572
0.954
0.825
0.016
0.026
0.173
0.855
0.999
0.048
0.894
0.334
0.171
0.867
0.861
0.680
0.620
0.178
0.178
0.862
0.951
0.817
0.866
0.183
0.182
0.008
0.183
1.000
0.551
0.870
0.194
0.031
0.739
0.983
0.026
0.820
0.572
0.870
0.211
0.823
0.872
0.542
0.685
0.766
0.009
0.874
0.560
0.881
0.118
0.013
0.184
0.009
0.050
0.134
0.610
0.009
0.837
0.870
0.658
0.834
0.926
0.207
0.775
0.999
0.012
0.887
0.485
0.008
0.185
0.863
0.319
0.151
0.006
0.003
0.115
0.694
0.901
0.847
0.010
0.851
0.489
0.317
0.853
0.171
0.007
0.184
0.020
0.193
0.057
0.836
0.185
0.066
0.182
0.998
0.852
0.341
0.814
0.007
0.781
0.627
0.171
0.996
0.191
0.860
0.861
0.808
0.862
0.828
0.007
0.716
0.233
0.963
0.399
0.108
0.732
0.181
0.934
0.169
0.877
0.184
0.836
0.421
0.185
0.009
0.172
0.869
0.986
0.708
0.637
0.962
0.979
0.891
0.007
0.811
0.869
0.273
0.509
0.163
0.888
0.800
0.886
0.174
0.863
0.876
0.961
0.467
0.080
0.009
0.001
0.181
0.008
0.516
0.759
0.006
0.878
0.184
0.775
0.873
0.947
0.714
0.694
0.940
0.815
0.793
0.865
0.533
0.009
0.008
0.190
0.191
0.474
0.194
0.589
0.603
0.914
0.892
0.012
0.452
0.005
0.008
0.498
0.177
0.006
0.187
0.113
0.722
0.357
0.047
0.522
0.171
0.801
0.732
0.568
0.865
0.193
0.993
0.839
0.779
0.017
0.943
0.812
0.143
0.828
0.906
0.196
0.732
0.859
0.814
1.000
0.178
0.323
0.063
0.170
0.963
0.019
0.854
0.747
0.764
0.857
0.866
0.869
0.859
0.737
0.894
0.005
0.574
0.862
0.006
0.722
0.191
0.187
0.470
0.881
0.852
0.040
0.583
0.754
0.788
0.965
0.852
0.006
0.642
0.237
0.819
0.813
0.191
0.879
0.031
0.193
0.832
0.871
0.194
0.852
0.007
0.999
0.021
0.870
0.942
0.672
0.849
0.971
0.330
0.017
0.852
0.008
0.178
0.009
0.196
0.030
0.962
1.000
0.930
0.855
0.064
0.701
0.006
0.774
0.868
0.888
0.180
0.874
0.490
0.162
0.864
0.176
0.933
0.836
0.827
0.185
0.302
0.168
0.787
0.563
0.836
0.934
0.185
0.010
0.411
0.837
0.175
0.454
0.990
0.395
0.418
0.167
0.197
0.484
0.917
0.852
0.822
0.633
0.702
0.930
0.586
0.773
0.556
0.781
0.007
0.585
0.282
0.828
0.998
0.846
0.874
0.863
0.695
0.189
0.827
0.006
0.130
0.013
0.870
0.180
0.717
0.874
0.874
0.997
0.858
0.181
0.876
0.871
0.836
0.866
0.860
0.801
0.155
0.156
0.007
0.101
0.014
0.444
0.997
0.094
0.009
0.308
0.013
0.433
0.203
0.798
0.181
0.923
0.749
0.868
0.578
0.520
0.840
0.308
0.855
0.572
0.687
0.029
0.836
0.867
0.899
0.892
0.853
0.935
0.001
0.878
0.577
0.534
0.664
0.761
0.856
0.948
0.577
0.871
0.174
0.008
0.007
0.186
0.873
0.873
0.921
0.859
0.868
0.833
0.425
0.856
0.970
0.908
0.889
0.171
0.888
0.857
0.999
0.836
0.007
0.957
0.022
0.820
0.836
0.185
0.038
0.716
0.261
0.199
0.698
0.902
0.621
0.738
0.010
0.573
0.015
0.821
0.864
0.755
0.870
0.182
0.147
0.183
0.857
0.828
0.297
0.960
0.820
0.452
0.447
0.183
0.895
0.786
0.859
0.861
0.007
0.012
0.013
0.487
0.868
0.521
0.006
0.634
0.190
0.939
0.978
0.038
0.002
0.880
0.665
0.860
0.610
0.009
0.184
0.861
0.816
0.943
0.466
0.009
0.185
0.880
0.177
0.844
0.206
0.840
0.182
0.012
0.622
0.077
0.898
0.017
0.864
0.164
0.182
0.859
0.601
0.709
0.922
0.892
0.874
0.085
0.711
0.008
0.855
0.980
0.024
0.772
0.135
0.120
0.933
0.838
0.572
0.791
0.785
0.886
0.931
0.236
0.842
0.998
0.502
0.187
0.581
0.181
0.144
0.897
0.176
0.491
0.183
0.500
0.792
0.716
0.037
0.172
0.146
0.856
0.155
0.753
0.897
0.900
0.836
0.799
0.167
0.019
0.861
0.013
0.184
0.075
0.864
0.145
0.847
0.007
0.158
0.440
0.780
0.865
0.008
0.179
0.184
0.931
0.186
0.789
0.838
0.007
0.054
0.188
0.895
0.007
0.205
0.777
0.184
0.166
0.812
0.793
0.889
0.180
0.871
0.210
0.735
0.037
0.490
0.987
0.874
0.834
0.820
0.591
0.815
0.366
0.943
0.182
0.791
0.872
0.860
0.582
0.872
0.903
0.397
0.883
0.873
0.870
0.791
0.837
0.090
0.774
0.827
0.060
0.220
0.805
0.826
0.206
0.171
0.811
0.777
0.709
0.830
0.191
0.011
0.803
0.872
0.893
0.190
0.998
0.936
0.178
0.850
0.856
0.050
0.182
0.849
0.867
0.585
0.167
0.838
0.099
0.704
0.194
0.778
0.882
0.531
0.591
0.021
0.185
0.834
0.849
0.880
0.003
0.847
0.881
0.206
0.863
0.957
0.756
0.928
0.991
0.140
0.516
0.866
0.054
0.175
0.869
0.178
0.173
0.189
0.576
0.658
0.699
0.890
0.549
0.889
0.706
0.404
0.011
0.859
0.281
1.000
0.201
0.866
0.845
0.875
0.929
0.757
0.871
0.700
0.145
0.184
0.755
0.999
0.917
0.363
0.403
0.795
0.782
0.931
0.866
0.190
0.068
0.508
0.010
0.857
0.155
0.171
0.193
0.873
0.858
0.738
0.920
0.875
0.839
0.999
0.899
0.872
0.877
0.925
0.559
0.755
0.867
0.949
0.847
0.177
0.010
0.550
0.845
0.869
0.377
0.554
0.871
0.007
0.925
0.027
0.455
0.782
0.925
0.185
0.153
0.806
0.586
0.852
0.865
0.523
0.173
0.803
0.193
0.859
0.824
0.189
0.671
0.071
0.191
0.849
0.101
0.176
0.718
0.168
0.458
0.167
0.740
0.900
0.172
0.188
0.872
0.555
0.857
0.177
0.562
0.941
0.935
0.177
0.856
0.850
0.006
0.023
0.873
0.007
0.947
0.583
0.930
0.034
0.859
0.977
0.859
0.641
0.797
0.861
0.822
0.857
0.887
0.411
0.874
0.006
0.529
0.025
0.173
0.612
0.564
0.868
0.874
0.890
0.538
0.433
0.949
0.187
0.864
0.435
0.021
0.854
0.007
0.892
0.841
0.822
0.855
0.203
0.895
0.570
0.011
0.187
0.193
0.101
0.852
0.770
0.449
0.183
0.230
0.617
0.997
0.855
0.507
0.176
0.873
0.002
0.602
0.186
0.999
0.784
0.793
0.192
0.789
0.177
0.192
0.822
0.873
0.773
0.860
0.959
0.819
0.009
0.869
0.110
0.862
0.413
0.293
0.486
0.186
0.851
0.549
0.981
0.870
0.479
0.901
0.183
0.786
0.172
0.303
0.999
0.010
0.026
0.008
0.185
0.473
0.757
0.823
0.517
0.085
0.766
0.165
0.181
0.110
0.044
0.845
0.594
0.873
0.904
0.858
0.288
0.178
0.888
0.609
0.009
0.066
0.930
0.785
0.248
0.257
0.849
0.007
0.868
0.011
0.013
0.189
0.006
0.184
0.180
0.881
0.178
0.187
0.467
0.914
0.710
0.942
0.974
0.932
0.842
0.545
0.806
0.198
0.262
0.862
0.242
0.181
0.182
0.008
0.176
0.155
0.957
0.809
0.005
0.863
0.994
0.799
0.819
0.188
0.819
0.911
0.809
0.894
0.928
0.799
0.548
0.292
0.832
0.181
0.859
0.844
0.347
0.851
0.193
0.889
0.006
0.793
0.216
0.471
0.862
0.847
0.777
0.536
0.865
0.122
0.878
0.924
0.367
0.890
0.857
0.017
0.202
0.843
0.137
0.844
0.871
0.868
0.855
0.886
0.186
0.873
0.850
0.997
0.608
0.183
0.006
0.180
0.250
0.460
0.854
0.740
0.769
0.335
0.823
0.502
0.009
0.200
0.999
0.809
0.858
0.184
0.089
0.842
0.468
0.517
0.190
0.872
0.836
0.176
0.911
0.935
0.897
0.757
0.537
0.430
0.082
0.009
0.161
0.471
0.009
0.739
0.720
0.867
0.011
0.897
0.603
0.896
0.902
0.811
0.981
0.082
0.052
0.007
0.724
0.183
0.007
0.186
0.133
0.876
0.728
0.874
0.853
0.188
0.180
0.004
0.881
0.843
0.191
0.853
0.567
0.729
0.024
0.182
0.174
0.770
0.851
0.860
0.870
0.932
0.006
0.087
0.357
0.580
0.923
0.888
0.797
0.884
0.027
0.179
0.194
0.065
0.005
1.000
0.572
0.783
0.870
0.632
0.863
0.824
0.280
0.187
0.790
0.799
0.451
0.878
0.193
0.863
0.189
0.199
0.184
0.827
0.215
0.022
0.780
0.139
0.270
0.847
0.008
0.843
0.118
0.181
0.291
0.171
0.919
0.520
0.862
0.191
0.014
0.812
0.875
0.932
0.843
0.860
0.889
0.007
0.192
0.792
0.184
0.172
0.516
0.944
0.978
0.016
0.816
0.612
0.177
0.097
0.186
0.847
0.999
0.183
0.950
0.163
0.858
0.863
0.509
0.117
0.185
0.861
0.290
0.162
0.053
0.849
0.880
0.824
0.662
0.809
0.102
0.550
0.183
0.175
0.817
0.340
0.830
0.873
0.820
0.849
0.193
0.171
0.750
0.854
0.835
0.852
0.840
0.194
0.745
0.178
0.987
0.948
0.806
0.510
0.064
0.023
0.181
0.775
0.893
0.171
0.609
0.974
0.834
0.182
0.867
0.847
0.060
0.637
0.058
0.932
0.188
0.007
0.841
0.963
0.006
0.505
0.917
0.192
0.823
0.600
0.872
0.194
0.924
0.760
0.052
0.874
0.855
0.563
0.915
0.872
0.752
0.992
0.124
0.025
0.878
0.887
0.866
0.008
0.872
0.864
0.897
0.508
0.374
0.862
0.008
0.873
0.860
0.855
0.192
0.180
0.147
0.857
0.174
0.182
0.004
0.005
0.813
0.546
0.833
0.831
0.810
0.864
0.869
0.149
0.744
0.170
0.494
0.456
1.000
0.763
0.008
0.724
0.474
0.007
0.802
0.873
0.656
0.900
0.843
0.036
0.827
0.725
0.869
0.611
0.007
0.791
0.180
0.831
1.000
0.628
0.012
0.864
0.008
0.874
0.006
0.865
0.999
0.162
0.868
0.866
0.022
0.872
0.807
0.212
0.185
0.014
0.478
0.923
0.139
0.907
0.072
0.184
0.768
0.834
0.833
0.031
0.478
0.557
0.162
0.079
0.740
0.990
0.830
0.833
0.559
0.848
0.445
0.776
0.711
0.188
0.625
0.180
0.186
0.499
0.177
0.669
0.934
0.868
0.914
0.872
0.603
0.898
0.823
0.855
0.187
0.635
0.936
0.006
0.777
0.194
0.076
0.873
0.704
0.891
0.815
0.014
0.774
0.894
0.873
0.831
0.010
0.487
0.731
0.004
0.180
0.571
0.772
0.872
0.837
0.154
0.847
0.006
0.854
0.167
0.174
0.937
0.377
0.870
0.009
0.868
0.195
0.179
0.555
0.418
0.999
0.011
0.803
0.793
0.697
0.886
0.873
0.559
0.393
0.792
0.820
0.928
0.088
0.932
0.856
0.006
0.847
0.861
0.869
0.008
0.654
0.752
0.828
0.794
0.848
0.191
0.167
0.193
0.307
0.858
0.905
0.190
0.606
0.897
0.856
0.178
0.879
0.110
0.202
0.828
0.183
0.057
0.190
0.193
0.157
0.860
0.762
0.456
0.310
0.924
0.836
0.197
0.864
0.931
0.711
0.823
0.197
0.464
0.967
0.994
0.008
0.829
0.846
0.187
0.871
0.962
0.803
0.542
0.046
0.857
0.006
0.863
0.364
0.198
0.934
0.988
0.957
0.898
0.231
0.851
0.807
0.904
0.857
0.727
0.871
0.856
0.771
0.843
0.831
0.920
0.999
0.917
0.821
0.248
0.185
0.762
0.189
0.133
0.170
0.949
0.851
0.126
0.144
0.860
0.014
0.009
0.875
0.238
0.871
0.364
0.766
0.989
0.510
0.784
0.194
0.885
0.143
0.179
0.176
0.760
0.224
0.132
0.966
0.599
0.011
0.819
0.891
0.861
0.592
0.043
0.869
0.977
0.995
0.640
0.874
0.807
0.023
0.772
0.365
0.890
0.999
0.452
0.705
0.176
0.256
0.866
0.780
0.190
0.023
0.959
0.861
0.990
0.160
0.182
0.192
0.278
0.797
0.675
0.197
0.516
0.801
0.066
0.572
0.160
0.509
0.002
0.933
0.195
0.724
0.664
0.857
0.254
0.565
0.256
0.999
0.567
0.753
0.999
0.877
0.921
0.743
0.874
0.801
0.055
0.172
0.176
0.129
0.862
0.381
0.389
0.999
0.876
0.207
0.848
0.896
0.191
0.838
0.999
0.122
0.854
0.876
0.881
0.854
0.692
0.540
0.915
0.879
0.082
0.853
0.041
0.165
0.179
0.179
0.882
0.000
0.052
0.822
0.853
0.126
0.005
0.798
0.866
0.186
0.350
0.001
0.872
0.595
0.634
0.175
0.141
0.980
0.858
0.625
0.811
0.732
0.899
0.167
0.810
0.954
0.872
0.561
0.998
0.009
0.554
0.186
0.197
0.007
0.871
0.184
0.824
0.887
0.180
0.002
0.186
0.136
0.576
0.734
0.893
0.987
0.729
0.007
0.181
0.032
0.894
0.887
0.157
0.772
0.802
0.984
0.955
0.753
0.870
0.868
0.006
0.201
0.836
0.911
0.854
0.857
0.531
0.139
0.269
0.577
0.190
0.869
0.900
0.820
0.007
0.802
0.579
0.861
0.853
0.574
0.998
0.863
0.908
0.999
0.236
0.169
0.004
0.552
0.166
0.459
0.391
0.009
0.977
0.189
0.874
0.815
0.862
0.195
0.624
0.721
0.712
0.176
0.854
0.817
0.713
0.989
0.688
0.935
0.185
0.897
0.999
0.533
0.729
0.790
0.579
0.863
0.828
0.198
0.795
0.594
0.888
0.758
0.157
0.868
0.857
0.011
0.178
0.006
0.186
0.009
0.560
0.299
0.525
0.468
0.901
0.811
0.394
0.835
0.623
0.866
0.887
0.192
0.195
0.856
0.893
0.846
0.882
0.253
0.896
0.857
0.811
0.189
0.998
0.868
0.185
0.998
0.833
0.376
0.861
0.581
0.309
0.191
0.704
0.205
0.178
0.638
0.186
0.825
0.526
0.002
0.873
0.348
0.542
0.819
0.272
0.895
0.184
0.026
0.687
0.859
0.868
0.369
0.103
0.876
0.836
0.188
0.192
0.186
0.011
0.298
0.194
0.180
0.801
0.845
0.801
0.544
0.888
0.871
0.022
0.874
0.775
0.998
0.453
0.761
0.191
0.894
0.093
0.845
0.197
0.892
0.581
0.875
0.185
0.249
0.789
0.730
0.824
0.960
0.833
0.852
0.796
0.739
0.014
0.079
0.898
0.186
0.424
0.641
0.856
0.006
0.745
0.988
0.193
0.759
0.179
0.864
0.835
0.693
0.374
0.196
0.864
0.872
0.123
0.524
0.855
0.849
0.410
0.931
0.883
0.882
0.309
0.182
0.004
0.835
0.812
0.999
0.181
0.848
0.569
0.994
0.039
0.189
0.185
0.570
0.834
0.634
0.318
0.431
0.792
0.459
0.197
0.175
0.024
0.168
0.268
0.866
0.416
0.454
0.197
0.769
0.844
0.006
0.569
0.192
0.006
0.834
0.103
0.785
0.010
0.932
0.872
0.125
0.576
0.008
0.888
0.009
0.716
0.541
0.198
0.094
0.259
0.898
0.863
0.804
0.857
0.842
0.573
0.823
0.189
0.870
0.177
0.598
0.590
0.033
0.029
0.779
0.007
0.867
0.187
0.860
0.852
0.094
0.198
0.176
0.345
0.191
0.864
0.962
0.874
0.847
0.618
0.803
0.898
0.182
0.652
0.610
0.855
0.583
0.925
0.007
0.201
0.178
0.368
0.171
0.608
0.495
0.903
0.978
0.946
0.729
0.877
0.928
0.778
0.847
0.128
0.864
0.564
0.008
0.866
0.194
0.820
0.184
0.900
0.724
0.949
0.857
0.873
0.569
0.195
0.580
0.191
0.998
0.769
0.691
0.799
0.014
0.004
0.002
0.101
0.609
0.856
0.886
0.892
0.176
0.999
0.183
0.891
0.778
0.874
0.359
0.773
0.795
0.201
0.909
0.856
0.779
0.872
0.994
0.485
0.060
0.191
0.821
0.533
0.916
0.995
0.804
0.997
0.856
0.870
0.843
0.868
0.992
0.932
0.869
0.868
0.874
0.024
0.544
0.431
0.790
0.008
0.872
0.776
0.800
0.177
0.065
0.928
0.580
0.099
0.193
0.338
0.187
0.418
0.938
0.186
0.048
0.673
0.843
0.883
0.194
0.874
0.101
0.870
0.757
0.192
0.195
0.868
0.824
0.929
0.856
0.163
0.181
0.884
0.012
0.870
0.855
0.189
0.197
0.529
0.870
0.765
0.505
0.843
0.770
0.168
0.850
0.889
0.935
0.333
0.887
0.873
0.866
1.000
0.977
0.860
0.377
0.960
0.612
0.578
0.021
0.552
0.104
0.180
0.819
0.831
0.940
0.999
0.106
0.860
0.788
0.183
0.647
0.180
0.888
0.879
0.895
0.179
0.967
0.851
0.803
0.836
0.848
0.001
0.874
0.193
0.883
0.871
0.640
0.027
0.022
0.896
0.455
0.191
0.869
0.175
0.184
0.935
0.697
0.822
0.706
0.212
0.940
0.049
0.819
0.162
0.935
0.858
0.655
0.859
0.620
0.118
0.188
0.490
0.006
0.853
0.639
0.524
0.085
0.962
0.871
0.190
0.190
0.014
0.202
0.684
0.491
0.829
0.077
0.438
0.876
0.186
0.161
0.511
0.854
0.950
0.853
0.165
0.558
0.181
0.999
0.997
0.864
0.009
0.927
0.797
0.784
0.870
0.176
0.790
0.971
0.194
0.871
0.692
0.944
0.929
0.173
0.900
0.189
0.565
0.707
0.815
0.957
0.381
0.872
0.900
0.610
0.190
0.853
0.181
0.856
0.873
0.008
0.014
0.926
0.860
0.173
0.186
0.104
0.979
0.859
0.186
0.825
0.173
0.006
0.807
0.013
1.000
0.616
0.008
0.796
0.824
0.873
0.880
0.800
0.752
0.478
0.379
0.577
0.612
0.790
0.180
0.701
0.989
0.169
0.484
0.149
0.768
0.891
0.807
0.177
0.187
0.858
0.926
0.008
0.864
0.853
0.982
0.346
0.010
0.153
0.180
0.872
0.861
0.007
0.815
0.950
0.556
0.573
0.962
0.825
0.865
0.500
0.010
0.793
0.315
0.695
0.081
0.685
0.661
0.194
0.017
0.178
0.756
0.835
0.863
0.189
0.921
0.858
0.358
1.000
0.185
0.030
0.288
0.872
0.832
0.862
0.574
0.170
0.910
0.497
0.931
0.727
0.775
0.979
0.998
0.009
0.170
0.898
0.907
0.229
0.182
0.899
0.781
0.982
0.874
0.184
0.856
0.871
0.879
0.838
0.648
0.866
0.185
0.806
0.586
0.188
0.985
0.826
0.685
0.012
0.871
0.896
0.912
0.189
0.440
0.192
0.738
0.749
0.837
0.082
0.871
0.519
0.339
0.884
0.812
0.844
0.746
0.083
0.802
0.556
0.675
0.009
0.872
0.872
0.196
0.877
0.854
0.022
0.806
0.997
0.854
0.860
0.752
0.857
0.012
0.695
0.939
0.008
0.854
0.861
0.189
0.827
0.185
0.857
0.008
0.816
0.009
0.186
0.201
0.243
0.036
0.017
0.296
0.701
0.810
0.177
0.256
0.544
0.191
0.803
0.844
0.169
0.634
0.897
0.130
0.190
0.494
0.181
0.884
0.860
0.152
0.899
0.330
0.839
0.014
0.865
0.188
0.849
0.182
0.442
0.764
0.690
0.850
0.838
0.837
0.002
0.834
0.190
0.862
0.917
0.077
0.897
0.175
0.696
0.663
0.770
0.788
0.553
0.875
0.793
0.148
0.509
0.272
0.886
0.880
0.867
0.183
0.049
0.985
0.773
0.866
0.843
0.186
0.500
0.162
0.539
0.938
0.685
0.868
0.857
0.551
0.671
0.191
0.025
0.172
0.197
0.180
0.182
0.999
0.831
0.727
0.180
0.889
0.872
0.932
0.849
0.968
0.194
0.857
0.934
0.859
0.317
0.843
0.900
0.187
0.515
0.181
0.884
0.852
0.010
0.187
0.870
0.170
0.494
0.036
0.874
0.838
0.879
0.799
0.088
0.865
0.007
0.833
0.762
0.187
0.186
0.413
0.009
0.019
0.338
0.999
0.009
0.169
0.175
0.090
0.530
0.550
0.863
0.961
0.897
0.540
0.898
0.872
0.003
0.854
0.011
0.017
0.871
0.170
0.861
0.006
0.871
0.864
0.355
0.170
0.007
0.634
0.724
0.006
0.171
0.173
0.682
0.852
0.899
0.180
0.785
0.537
0.858
0.999
0.149
0.853
0.816
0.181
0.201
0.187
0.861
0.437
0.538
0.933
0.189
0.832
0.203
0.189
0.946
0.191
0.851
0.871
0.750
0.844
0.207
0.427
0.805
0.871
0.009
0.343
0.186
0.734
0.875
0.978
0.190
0.719
0.200
0.362
0.877
0.859
0.890
0.901
0.530
0.990
0.188
0.009
0.571
0.832
0.357
0.021
0.671
0.872
0.633
0.876
0.648
0.178
0.178
0.822
0.839
0.871
0.703
0.804
0.887
0.913
0.523
0.136
0.788
0.204
0.190
0.192
0.628
0.858
0.785
0.156
0.314
0.853
0.489
0.063
0.786
0.853
0.855
0.161
0.830
0.174
0.252
0.370
0.012
0.005
0.181
0.710
0.006
0.998
0.781
0.195
0.848
0.435
0.847
0.106
0.389
0.176
0.008
0.102
0.914
0.125
0.183
0.182
0.007
0.877
0.193
0.853
0.886
0.682
0.009
0.908
0.890
0.027
0.774
0.012
0.075
0.844
0.874
0.185
0.003
0.816
0.750
0.865
0.917
0.029
0.927
0.868
0.995
0.139
0.655
0.538
0.876
0.803
0.760
0.841
0.866
0.534
0.183
0.866
0.139
0.122
0.187
0.007
0.864
0.888
0.845
0.009
0.875
0.182
0.891
0.861
0.182
0.246
0.891
0.993
0.958
0.860
0.845
0.888
0.008
0.170
0.824
0.187
0.928
0.007
0.989
0.859
0.186
0.897
1.000
0.029
0.807
0.305
0.709
0.871
0.846
0.572
0.845
0.722
0.192
0.853
0.725
0.058
0.871
0.708
0.295
0.007
0.297
0.771
0.889
0.755
0.009
0.872
0.182
0.874
0.602
0.175
0.182
0.193
0.858
0.868
0.188
0.650
0.804
0.714
0.763
0.863
0.547
0.896
0.944
0.949
0.188
0.968
0.597
0.743
0.857
0.577
0.205
0.173
0.818
0.866
0.069
0.755
0.708
0.999
0.213
0.228
0.104
0.924
0.682
0.558
0.936
0.287
0.315
0.869
0.019
0.819
0.179
0.785
0.522
0.838
0.176
0.871
0.897
0.008
0.857
0.812
0.176
0.181
0.836
0.956
0.891
0.008
0.031
0.263
0.433
0.054
0.570
0.023
0.881
0.871
0.512
0.826
0.932
0.859
0.876
0.876
0.565
0.107
0.019
0.809
0.495
0.179
0.899
0.857
0.644
0.537
0.893
0.849
0.442
0.831
0.201
0.909
0.340
0.860
0.067
0.199
0.568
0.652
0.596
0.789
0.183
0.722
0.182
0.398
0.875
0.869
0.874
0.850
0.823
0.185
0.552
0.832
0.844
0.855
0.182
0.011
0.852
0.754
0.109
0.180
0.956
0.714
0.803
0.094
0.781
0.902
0.135
0.195
0.820
0.559
0.886
0.008
0.848
0.534
0.791
0.875
0.168
0.066
0.829
0.176
0.660
0.743
0.179
0.625
0.300
0.182
0.009
0.186
0.810
0.999
0.293
0.889
0.194
0.184
0.013
0.883
0.188
0.012
0.957
0.870
0.991
0.180
0.933
0.772
0.188
0.044
0.189
0.853
0.003
0.343
0.868
0.881
0.873
0.008
1.000
0.191
0.561
0.249
0.869
0.829
0.797
0.515
0.182
0.867
0.895
