#cells    R    L alpha AUROC   time
   373 	 1000 	    1 	 0.400 	 0.45260 	  -1.00
   373 	 1000 	    2 	 0.400 	 0.46281 	  -1.00
   373 	 1000 	    3 	 0.400 	 0.47163 	  -1.00
   373 	 1000 	    4 	 0.400 	 0.47851 	  -1.00
   373 	 1000 	    5 	 0.400 	 0.48228 	  -1.00
   373 	 1000 	    6 	 0.400 	 0.48700 	  -1.00
   373 	 1000 	    7 	 0.400 	 0.49026 	  -1.00
   373 	 1000 	    8 	 0.400 	 0.49279 	  -1.00
   373 	 1000 	    9 	 0.400 	 0.49588 	  -1.00
   373 	 1000 	   10 	 0.400 	 0.49792 	  -1.00
   373 	 1000 	   11 	 0.400 	 0.49967 	  -1.00
   373 	 1000 	   12 	 0.400 	 0.50106 	  -1.00
   373 	 1000 	   13 	 0.400 	 0.50240 	  -1.00
   373 	 1000 	   14 	 0.400 	 0.50485 	  -1.00
   373 	 1000 	   15 	 0.400 	 0.50688 	  -1.00
   373 	 1000 	   16 	 0.400 	 0.50823 	  -1.00
   373 	 1000 	   17 	 0.400 	 0.50976 	  -1.00
   373 	 1000 	   18 	 0.400 	 0.51073 	  -1.00
   373 	 1000 	   19 	 0.400 	 0.51167 	  -1.00
   373 	 1000 	   20 	 0.400 	 0.51267 	  -1.00
   373 	 1000 	   21 	 0.400 	 0.51455 	  -1.00
   373 	 1000 	   22 	 0.400 	 0.51565 	  -1.00
   373 	 1000 	   23 	 0.400 	 0.51734 	  -1.00
   373 	 1000 	   24 	 0.400 	 0.51852 	  -1.00
   373 	 1000 	   25 	 0.400 	 0.51937 	  -1.00
   373 	 1000 	   26 	 0.400 	 0.52065 	  -1.00
   373 	 1000 	   27 	 0.400 	 0.52109 	  -1.00
   373 	 1000 	   28 	 0.400 	 0.52268 	  -1.00
   373 	 1000 	   29 	 0.400 	 0.52402 	  -1.00
   373 	 1000 	   30 	 0.400 	 0.52499 	  -1.00
   373 	 1000 	   31 	 0.400 	 0.52633 	  -1.00
   373 	 1000 	   32 	 0.400 	 0.52719 	  -1.00
   373 	 1000 	   33 	 0.400 	 0.52808 	  -1.00
   373 	 1000 	   34 	 0.400 	 0.52889 	  -1.00
   373 	 1000 	   35 	 0.400 	 0.52967 	  -1.00
   373 	 1000 	   36 	 0.400 	 0.53041 	  -1.00
   373 	 1000 	   37 	 0.400 	 0.53146 	  -1.00
   373 	 1000 	   38 	 0.400 	 0.53250 	  -1.00
   373 	 1000 	   39 	 0.400 	 0.53344 	  -1.00
   373 	 1000 	   40 	 0.400 	 0.53419 	  -1.00
   373 	 1000 	   41 	 0.400 	 0.53504 	  -1.00
   373 	 1000 	   42 	 0.400 	 0.53594 	  -1.00
   373 	 1000 	   43 	 0.400 	 0.53650 	  -1.00
   373 	 1000 	   44 	 0.400 	 0.53791 	  -1.00
   373 	 1000 	   45 	 0.400 	 0.53846 	  -1.00
   373 	 1000 	   46 	 0.400 	 0.53887 	  -1.00
   373 	 1000 	   47 	 0.400 	 0.53924 	  -1.00
   373 	 1000 	   48 	 0.400 	 0.54020 	  -1.00
   373 	 1000 	   49 	 0.400 	 0.54060 	  -1.00
   373 	 1000 	   50 	 0.400 	 0.54137 	  -1.00
   373 	 1000 	   51 	 0.400 	 0.54162 	  -1.00
   373 	 1000 	   52 	 0.400 	 0.54215 	  -1.00
   373 	 1000 	   53 	 0.400 	 0.54253 	  -1.00
   373 	 1000 	   54 	 0.400 	 0.54268 	  -1.00
   373 	 1000 	   55 	 0.400 	 0.54387 	  -1.00
   373 	 1000 	   56 	 0.400 	 0.54388 	  -1.00
   373 	 1000 	   57 	 0.400 	 0.54473 	  -1.00
   373 	 1000 	   58 	 0.400 	 0.54474 	  -1.00
   373 	 1000 	   59 	 0.400 	 0.54504 	  -1.00
   373 	 1000 	   60 	 0.400 	 0.54522 	  -1.00
   373 	 1000 	   61 	 0.400 	 0.54527 	  -1.00
   373 	 1000 	   62 	 0.400 	 0.54563 	  -1.00
   373 	 1000 	   63 	 0.400 	 0.54564 	  -1.00
   373 	 1000 	   64 	 0.400 	 0.54494 	  -1.00
   373 	 1000 	   65 	 0.400 	 0.54553 	  -1.00
   373 	 1000 	   66 	 0.400 	 0.54543 	  -1.00
   373 	 1000 	   67 	 0.400 	 0.54542 	  -1.00
   373 	 1000 	   68 	 0.400 	 0.54505 	  -1.00
   373 	 1000 	   69 	 0.400 	 0.54520 	  -1.00
   373 	 1000 	   70 	 0.400 	 0.54594 	  -1.00
   373 	 1000 	   71 	 0.400 	 0.54569 	  -1.00
   373 	 1000 	   72 	 0.400 	 0.54539 	  -1.00
   373 	 1000 	   73 	 0.400 	 0.54501 	  -1.00
   373 	 1000 	   74 	 0.400 	 0.54483 	  -1.00
   373 	 1000 	   75 	 0.400 	 0.54499 	  -1.00
   373 	 1000 	   76 	 0.400 	 0.54559 	  -1.00
   373 	 1000 	   77 	 0.400 	 0.54540 	  -1.00
   373 	 1000 	   78 	 0.400 	 0.54458 	  -1.00
   373 	 1000 	   79 	 0.400 	 0.54431 	  -1.00
   373 	 1000 	   80 	 0.400 	 0.54400 	  -1.00
   373 	 1000 	   81 	 0.400 	 0.54439 	  -1.00
   373 	 1000 	   82 	 0.400 	 0.54430 	  -1.00
   373 	 1000 	   83 	 0.400 	 0.54462 	  -1.00
   373 	 1000 	   84 	 0.400 	 0.54305 	  -1.00
   373 	 1000 	   85 	 0.400 	 0.54353 	  -1.00
   373 	 1000 	   86 	 0.400 	 0.54537 	  -1.00
   373 	 1000 	   87 	 0.400 	 0.54556 	  -1.00
   373 	 1000 	   88 	 0.400 	 0.54494 	  -1.00
   373 	 1000 	   89 	 0.400 	 0.54395 	  -1.00
   373 	 1000 	   90 	 0.400 	 0.54612 	  -1.00
   373 	 1000 	   91 	 0.400 	 0.54585 	  -1.00
   373 	 1000 	   92 	 0.400 	 0.54725 	  -1.00
   373 	 1000 	   93 	 0.400 	 0.54679 	  -1.00
   373 	 1000 	   94 	 0.400 	 0.54347 	  -1.00
   373 	 1000 	   95 	 0.400 	 0.54024 	  -1.00
   373 	 1000 	   96 	 0.400 	 0.53480 	  -1.00
   373 	 1000 	   97 	 0.400 	 0.53301 	  -1.00
   373 	 1000 	   98 	 0.400 	 0.53131 	  -1.00
   373 	   10 	   72 	 0.400 	 0.52493 	   0.77
   373 	   50 	   72 	 0.400 	 0.54405 	   3.49
   373 	   80 	   72 	 0.400 	 0.53369 	   5.86
   373 	  100 	   72 	 0.400 	 0.53890 	   6.96
   373 	  200 	   72 	 0.400 	 0.54382 	  14.63
   373 	  500 	   72 	 0.400 	 0.54650 	  35.19
   373 	  800 	   72 	 0.400 	 0.54401 	  55.48
   373 	   10 	   72 	 0.400 	 0.52493 	   1.04
   373 	   50 	   72 	 0.400 	 0.54405 	   4.89
   373 	   80 	   72 	 0.400 	 0.53369 	   7.39
   373 	  100 	   72 	 0.400 	 0.53890 	   9.50
   373 	  200 	   72 	 0.400 	 0.54382 	  18.74
   373 	  500 	   72 	 0.400 	 0.54650 	  45.69
   373 	  800 	   72 	 0.400 	 0.54401 	  68.14
   373 	 1000 	   72 	 0.400 	 0.54377 	  69.74
   373 	 1500 	   72 	 0.400 	 0.54669 	 114.75
   373 	 2000 	   72 	 0.400 	 0.54817 	 139.27
   373 	 3000 	   72 	 0.400 	 0.54649 	 208.65
   373 	 4000 	   72 	 0.400 	 0.54502 	 275.93
   373 	 5000 	   72 	 0.400 	 0.54633 	 344.09
   373 	   10 	   72 	 0.400 	 0.52624 	   0.72
   373 	   50 	   72 	 0.400 	 0.53518 	   3.62
   373 	   80 	   72 	 0.400 	 0.53034 	   5.66
   373 	  100 	   72 	 0.400 	 0.54002 	   6.92
   373 	  200 	   72 	 0.400 	 0.55420 	  13.90
   373 	  500 	   72 	 0.400 	 0.54408 	  34.90
   373 	  800 	   72 	 0.400 	 0.54366 	  56.07
   373 	 1000 	   72 	 0.400 	 0.54719 	  70.48
   373 	 1500 	   72 	 0.400 	 0.54495 	 105.55
   758 	   10 	    1 	 0.400 	 0.52597 	   0.12
   758 	   50 	    1 	 0.400 	 0.55158 	   0.33
   758 	   80 	    1 	 0.400 	 0.55318 	   0.53
   758 	  100 	    1 	 0.400 	 0.54223 	   0.66
   758 	  200 	    1 	 0.400 	 0.55692 	   1.30
   758 	  500 	    1 	 0.400 	 0.56296 	   3.27
   758 	  800 	    1 	 0.400 	 0.56975 	   5.19
   758 	 1000 	    1 	 0.400 	 0.56837 	   7.08
   758 	 1500 	    1 	 0.400 	 0.56731 	  10.47
   758 	 2000 	    1 	 0.400 	 0.56899 	  14.28
   758 	 3000 	    1 	 0.400 	 0.57319 	  21.04
   758 	 4000 	    1 	 0.400 	 0.56950 	  29.51
   758 	 5000 	    1 	 0.400 	 0.57195 	  34.45
   758 	   10 	    1 	 0.400 	 0.53066 	   0.09
   758 	   50 	    1 	 0.400 	 0.54258 	   0.37
   758 	   80 	    1 	 0.400 	 0.54297 	   0.54
   758 	  100 	    1 	 0.400 	 0.56129 	   0.68
   758 	  200 	    1 	 0.400 	 0.56879 	   1.36
   758 	  500 	    1 	 0.400 	 0.57096 	   3.46
   758 	  800 	    1 	 0.400 	 0.56406 	   5.62
   758 	 1000 	    1 	 0.400 	 0.57020 	   7.02
   758 	 1500 	    1 	 0.400 	 0.57403 	  11.03
   758 	 2000 	    1 	 0.400 	 0.57205 	  13.99
   758 	 3000 	    1 	 0.400 	 0.57646 	  20.74
   758 	 4000 	    1 	 0.400 	 0.57378 	  27.72
   758 	 5000 	    1 	 0.400 	 0.57309 	  34.56
   758 	   10 	    1 	 0.400 	 0.54065 	   0.10
   758 	   50 	    1 	 0.400 	 0.53820 	   0.35
   758 	   80 	    1 	 0.400 	 0.55421 	   0.55
   758 	  100 	    1 	 0.400 	 0.55452 	   0.70
   758 	  200 	    1 	 0.400 	 0.54834 	   1.39
   758 	  500 	    1 	 0.400 	 0.56470 	   3.48
   758 	  800 	    1 	 0.400 	 0.57017 	   5.52
   758 	 1000 	    1 	 0.400 	 0.56881 	   6.92
   758 	 1500 	    1 	 0.400 	 0.56518 	  10.27
   758 	 2000 	    1 	 0.400 	 0.56834 	  13.79
   758 	 3000 	    1 	 0.400 	 0.57119 	  20.55
   758 	 4000 	    1 	 0.400 	 0.57533 	  27.57
   758 	 5000 	    1 	 0.400 	 0.57187 	  34.72
   758 	   10 	    1 	 0.400 	 0.52761 	   0.08
   758 	   50 	    1 	 0.400 	 0.54148 	   0.35
   758 	   80 	    1 	 0.400 	 0.54391 	   0.53
   758 	  100 	    1 	 0.400 	 0.55951 	   0.67
   758 	  200 	    1 	 0.400 	 0.55716 	   1.33
   758 	  500 	    1 	 0.400 	 0.56382 	   3.31
   758 	  800 	    1 	 0.400 	 0.56873 	   5.37
   758 	 1000 	    1 	 0.400 	 0.57220 	   6.66
   758 	 1500 	    1 	 0.400 	 0.56966 	  10.01
   758 	 2000 	    1 	 0.400 	 0.56746 	  13.56
   758 	 3000 	    1 	 0.400 	 0.57281 	  20.14
   758 	 4000 	    1 	 0.400 	 0.57254 	  26.81
   758 	 5000 	    1 	 0.400 	 0.57242 	  33.25
   758 	   10 	    1 	 0.400 	 0.53410 	   0.09
   758 	   50 	    1 	 0.400 	 0.54114 	   0.33
   758 	   80 	    1 	 0.400 	 0.53611 	   0.53
   758 	  100 	    1 	 0.400 	 0.55825 	   0.66
   758 	  200 	    1 	 0.400 	 0.55321 	   1.32
   758 	  500 	    1 	 0.400 	 0.56442 	   3.39
   758 	  800 	    1 	 0.400 	 0.56839 	   5.57
   373 	 1500 	   20 	 0.050 	 0.51564 	 1254.36
   373 	 1500 	   25 	 0.050 	 0.52283 	 1254.36
   373 	 1500 	   30 	 0.050 	 0.52838 	 1254.36
   373 	 1500 	   35 	 0.050 	 0.53232 	 1254.36
   373 	 1500 	   40 	 0.050 	 0.53580 	 1254.36
   373 	 1500 	   45 	 0.050 	 0.53812 	 1254.36
   373 	 1500 	   50 	 0.050 	 0.53972 	 1254.36
   373 	 1500 	   55 	 0.050 	 0.54231 	 1254.36
   373 	 1500 	   60 	 0.050 	 0.54176 	 1254.36
   373 	 1500 	   65 	 0.050 	 0.54198 	 1254.36
   373 	 1500 	   70 	 0.050 	 0.54161 	 1254.36
   373 	 1500 	   75 	 0.050 	 0.54206 	 1254.36
   373 	 1500 	   80 	 0.050 	 0.54254 	 1254.36
   373 	 1500 	   85 	 0.050 	 0.53831 	 1254.36
   373 	 1500 	   90 	 0.050 	 0.53575 	 1254.36
   373 	 1500 	   20 	 0.100 	 0.51760 	 1164.53
   373 	 1500 	   25 	 0.100 	 0.52379 	 1164.53
   373 	 1500 	   30 	 0.100 	 0.52827 	 1164.53
   373 	 1500 	   35 	 0.100 	 0.53165 	 1164.53
   373 	 1500 	   40 	 0.100 	 0.53559 	 1164.53
   373 	 1500 	   45 	 0.100 	 0.53902 	 1164.53
   373 	 1500 	   50 	 0.100 	 0.54124 	 1164.53
   373 	 1500 	   55 	 0.100 	 0.54236 	 1164.53
   373 	 1500 	   60 	 0.100 	 0.54316 	 1164.53
   373 	 1500 	   65 	 0.100 	 0.54340 	 1164.53
   373 	 1500 	   70 	 0.100 	 0.54394 	 1164.53
   373 	 1500 	   75 	 0.100 	 0.54437 	 1164.53
   373 	 1500 	   80 	 0.100 	 0.54348 	 1164.53
   373 	 1500 	   85 	 0.100 	 0.53897 	 1164.53
   373 	 1500 	   90 	 0.100 	 0.53775 	 1164.53
   373 	 1500 	   20 	 0.150 	 0.51838 	 1161.55
   373 	 1500 	   25 	 0.150 	 0.52495 	 1161.55
   373 	 1500 	   30 	 0.150 	 0.52911 	 1161.55
   373 	 1500 	   35 	 0.150 	 0.53293 	 1161.55
   373 	 1500 	   40 	 0.150 	 0.53668 	 1161.55
   373 	 1500 	   45 	 0.150 	 0.53853 	 1161.55
   373 	 1500 	   50 	 0.150 	 0.54099 	 1161.55
   373 	 1500 	   55 	 0.150 	 0.54266 	 1161.55
   373 	 1500 	   60 	 0.150 	 0.54400 	 1161.55
   373 	 1500 	   65 	 0.150 	 0.54542 	 1161.55
   373 	 1500 	   70 	 0.150 	 0.54639 	 1161.55
   373 	 1500 	   75 	 0.150 	 0.54558 	 1161.55
   373 	 1500 	   80 	 0.150 	 0.54458 	 1161.55
   373 	 1500 	   85 	 0.150 	 0.53993 	 1161.55
   373 	 1500 	   90 	 0.150 	 0.53549 	 1161.55
   373 	 1500 	   20 	 0.200 	 0.51799 	 1156.94
   373 	 1500 	   25 	 0.200 	 0.52397 	 1156.94
   373 	 1500 	   30 	 0.200 	 0.53022 	 1156.94
   373 	 1500 	   35 	 0.200 	 0.53431 	 1156.94
   373 	 1500 	   40 	 0.200 	 0.53745 	 1156.94
   373 	 1500 	   45 	 0.200 	 0.53958 	 1156.94
   373 	 1500 	   50 	 0.200 	 0.54244 	 1156.94
   373 	 1500 	   55 	 0.200 	 0.54495 	 1156.94
   373 	 1500 	   60 	 0.200 	 0.54657 	 1156.94
   373 	 1500 	   65 	 0.200 	 0.54770 	 1156.94
   373 	 1500 	   70 	 0.200 	 0.54856 	 1156.94
   373 	 1500 	   75 	 0.200 	 0.54818 	 1156.94
   373 	 1500 	   80 	 0.200 	 0.54652 	 1156.94
   373 	 1500 	   85 	 0.200 	 0.54572 	 1156.94
   373 	 1500 	   90 	 0.200 	 0.54232 	 1156.94
   373 	 1500 	   20 	 0.250 	 0.51716 	 1152.01
   373 	 1500 	   25 	 0.250 	 0.52180 	 1152.01
   373 	 1500 	   30 	 0.250 	 0.52666 	 1152.01
   373 	 1500 	   35 	 0.250 	 0.53160 	 1152.01
   373 	 1500 	   40 	 0.250 	 0.53588 	 1152.01
   373 	 1500 	   45 	 0.250 	 0.53919 	 1152.01
   373 	 1500 	   50 	 0.250 	 0.54140 	 1152.01
   373 	 1500 	   55 	 0.250 	 0.54320 	 1152.01
   373 	 1500 	   60 	 0.250 	 0.54456 	 1152.01
   373 	 1500 	   65 	 0.250 	 0.54637 	 1152.01
   373 	 1500 	   70 	 0.250 	 0.54762 	 1152.01
   373 	 1500 	   75 	 0.250 	 0.54864 	 1152.01
   373 	 1500 	   80 	 0.250 	 0.54760 	 1152.01
   373 	 1500 	   85 	 0.250 	 0.54385 	 1152.01
   373 	 1500 	   90 	 0.250 	 0.53981 	 1152.01
   373 	 1500 	   20 	 0.300 	 0.51456 	 1150.60
   373 	 1500 	   25 	 0.300 	 0.51948 	 1150.60
   373 	 1500 	   30 	 0.300 	 0.52467 	 1150.60
   373 	 1500 	   35 	 0.300 	 0.52995 	 1150.60
   373 	 1500 	   40 	 0.300 	 0.53477 	 1150.60
   373 	 1500 	   45 	 0.300 	 0.53777 	 1150.60
   373 	 1500 	   50 	 0.300 	 0.53942 	 1150.60
   373 	 1500 	   55 	 0.300 	 0.54257 	 1150.60
   373 	 1500 	   60 	 0.300 	 0.54455 	 1150.60
   373 	 1500 	   65 	 0.300 	 0.54482 	 1150.60
   373 	 1500 	   70 	 0.300 	 0.54549 	 1150.60
   373 	 1500 	   75 	 0.300 	 0.54464 	 1150.60
   373 	 1500 	   80 	 0.300 	 0.54214 	 1150.60
   373 	 1500 	   85 	 0.300 	 0.53845 	 1150.60
   373 	 1500 	   90 	 0.300 	 0.53763 	 1150.60
   373 	 1500 	   20 	 0.350 	 0.51534 	 1149.14
   373 	 1500 	   25 	 0.350 	 0.52104 	 1149.14
   373 	 1500 	   30 	 0.350 	 0.52573 	 1149.14
   373 	 1500 	   35 	 0.350 	 0.53059 	 1149.14
   373 	 1500 	   40 	 0.350 	 0.53479 	 1149.14
   373 	 1500 	   45 	 0.350 	 0.53830 	 1149.14
   373 	 1500 	   50 	 0.350 	 0.54238 	 1149.14
   373 	 1500 	   55 	 0.350 	 0.54548 	 1149.14
   373 	 1500 	   60 	 0.350 	 0.54661 	 1149.14
   373 	 1500 	   65 	 0.350 	 0.54653 	 1149.14
   373 	 1500 	   70 	 0.350 	 0.54700 	 1149.14
   373 	 1500 	   75 	 0.350 	 0.54655 	 1149.14
   373 	 1500 	   80 	 0.350 	 0.54662 	 1149.14
   373 	 1500 	   85 	 0.350 	 0.54331 	 1149.14
   373 	 1500 	   90 	 0.350 	 0.53997 	 1149.14
   373 	 1500 	   20 	 0.400 	 0.51314 	 1144.12
   373 	 1500 	   25 	 0.400 	 0.51896 	 1144.12
   373 	 1500 	   30 	 0.400 	 0.52416 	 1144.12
   373 	 1500 	   35 	 0.400 	 0.52862 	 1144.12
   373 	 1500 	   40 	 0.400 	 0.53273 	 1144.12
   373 	 1500 	   45 	 0.400 	 0.53579 	 1144.12
   373 	 1500 	   50 	 0.400 	 0.53939 	 1144.12
   373 	 1500 	   55 	 0.400 	 0.54153 	 1144.12
   373 	 1500 	   60 	 0.400 	 0.54290 	 1144.12
   373 	 1500 	   65 	 0.400 	 0.54375 	 1144.12
   373 	 1500 	   70 	 0.400 	 0.54296 	 1144.12
   373 	 1500 	   75 	 0.400 	 0.54227 	 1144.12
   373 	 1500 	   80 	 0.400 	 0.53913 	 1144.12
   373 	 1500 	   85 	 0.400 	 0.53529 	 1144.12
   373 	 1500 	   90 	 0.400 	 0.53007 	 1144.12
   373 	 1500 	   20 	 0.450 	 0.51246 	 1141.45
   373 	 1500 	   25 	 0.450 	 0.51878 	 1141.45
   373 	 1500 	   30 	 0.450 	 0.52472 	 1141.45
   373 	 1500 	   35 	 0.450 	 0.52955 	 1141.45
   373 	 1500 	   40 	 0.450 	 0.53427 	 1141.45
   373 	 1500 	   45 	 0.450 	 0.53708 	 1141.45
   373 	 1500 	   50 	 0.450 	 0.54027 	 1141.45
   373 	 1500 	   55 	 0.450 	 0.54359 	 1141.45
   373 	 1500 	   60 	 0.450 	 0.54411 	 1141.45
   373 	 1500 	   65 	 0.450 	 0.54504 	 1141.45
   373 	 1500 	   70 	 0.450 	 0.54511 	 1141.45
   373 	 1500 	   75 	 0.450 	 0.54246 	 1141.45
   373 	 1500 	   80 	 0.450 	 0.54300 	 1141.45
   373 	 1500 	   85 	 0.450 	 0.54234 	 1141.45
   373 	 1500 	   90 	 0.450 	 0.54497 	 1141.45
