#cells    R    L alpha AUROC   time

   758 	 3000 	    1 	 0.050 	 0.57617 	 535.30
   758 	 3000 	    2 	 0.050 	 0.56726 	 535.30
   758 	 3000 	    3 	 0.050 	 0.55813 	 535.30
   758 	 3000 	    4 	 0.050 	 0.55176 	 535.30
   758 	 3000 	    5 	 0.050 	 0.54069 	 535.30
   758 	 3000 	    6 	 0.050 	 0.53371 	 535.30
   758 	 3000 	    7 	 0.050 	 0.52796 	 535.30
   758 	 3000 	    8 	 0.050 	 0.52558 	 535.30
   758 	 3000 	    9 	 0.050 	 0.52289 	 535.30
   758 	 3000 	   10 	 0.050 	 0.52210 	 535.30
   758 	 3000 	   11 	 0.050 	 0.52061 	 535.30
   758 	 3000 	   12 	 0.050 	 0.51860 	 535.30
   758 	 3000 	   13 	 0.050 	 0.51591 	 535.30
   758 	 3000 	   14 	 0.050 	 0.51357 	 535.30
   758 	 3000 	   15 	 0.050 	 0.51069 	 535.30
   758 	 3000 	    1 	 0.100 	 0.57204 	 509.35
   758 	 3000 	    2 	 0.100 	 0.56701 	 509.35
   758 	 3000 	    3 	 0.100 	 0.56100 	 509.35
   758 	 3000 	    4 	 0.100 	 0.54865 	 509.35
   758 	 3000 	    5 	 0.100 	 0.54194 	 509.35
   758 	 3000 	    6 	 0.100 	 0.53519 	 509.35
   758 	 3000 	    7 	 0.100 	 0.52865 	 509.35
   758 	 3000 	    8 	 0.100 	 0.52638 	 509.35
   758 	 3000 	    9 	 0.100 	 0.52390 	 509.35
   758 	 3000 	   10 	 0.100 	 0.52229 	 509.35
   758 	 3000 	   11 	 0.100 	 0.52084 	 509.35
   758 	 3000 	   12 	 0.100 	 0.51940 	 509.35
   758 	 3000 	   13 	 0.100 	 0.51707 	 509.35
   758 	 3000 	   14 	 0.100 	 0.51453 	 509.35
   758 	 3000 	   15 	 0.100 	 0.51139 	 509.35
   758 	 3000 	    1 	 0.150 	 0.57369 	 533.33
   758 	 3000 	    2 	 0.150 	 0.56584 	 533.33
   758 	 3000 	    3 	 0.150 	 0.55788 	 533.33
   758 	 3000 	    4 	 0.150 	 0.54647 	 533.33
   758 	 3000 	    5 	 0.150 	 0.53752 	 533.33
   758 	 3000 	    6 	 0.150 	 0.53334 	 533.33
   758 	 3000 	    7 	 0.150 	 0.53052 	 533.33
   758 	 3000 	    8 	 0.150 	 0.52717 	 533.33
   758 	 3000 	    9 	 0.150 	 0.52503 	 533.33
   758 	 3000 	   10 	 0.150 	 0.52221 	 533.33
   758 	 3000 	   11 	 0.150 	 0.52094 	 533.33
   758 	 3000 	   12 	 0.150 	 0.51939 	 533.33
   758 	 3000 	   13 	 0.150 	 0.51718 	 533.33
   758 	 3000 	   14 	 0.150 	 0.51518 	 533.33
   758 	 3000 	   15 	 0.150 	 0.51260 	 533.33
   758 	 3000 	    1 	 0.200 	 0.57369 	 542.78
   758 	 3000 	    2 	 0.200 	 0.56398 	 542.78
   758 	 3000 	    3 	 0.200 	 0.55990 	 542.78
   758 	 3000 	    4 	 0.200 	 0.55106 	 542.78
   758 	 3000 	    5 	 0.200 	 0.54041 	 542.78
   758 	 3000 	    6 	 0.200 	 0.53994 	 542.78
   758 	 3000 	    7 	 0.200 	 0.53590 	 542.78
   758 	 3000 	    8 	 0.200 	 0.52989 	 542.78
   758 	 3000 	    9 	 0.200 	 0.52752 	 542.78
   758 	 3000 	   10 	 0.200 	 0.52541 	 542.78
   758 	 3000 	   11 	 0.200 	 0.52278 	 542.78
   758 	 3000 	   12 	 0.200 	 0.52013 	 542.78
   758 	 3000 	   13 	 0.200 	 0.51764 	 542.78
   758 	 3000 	   14 	 0.200 	 0.51516 	 542.78
   758 	 3000 	   15 	 0.200 	 0.51246 	 542.78
   758 	 3000 	    1 	 0.250 	 0.57154 	 585.77
   758 	 3000 	    2 	 0.250 	 0.55787 	 585.77
   758 	 3000 	    3 	 0.250 	 0.55789 	 585.77
   758 	 3000 	    4 	 0.250 	 0.54981 	 585.77
   758 	 3000 	    5 	 0.250 	 0.54188 	 585.77
   758 	 3000 	    6 	 0.250 	 0.53660 	 585.77
   758 	 3000 	    7 	 0.250 	 0.53285 	 585.77
   758 	 3000 	    8 	 0.250 	 0.52977 	 585.77
   758 	 3000 	    9 	 0.250 	 0.52524 	 585.77
   758 	 3000 	   10 	 0.250 	 0.52339 	 585.77
   758 	 3000 	   11 	 0.250 	 0.52176 	 585.77
   758 	 3000 	   12 	 0.250 	 0.52074 	 585.77
   758 	 3000 	   13 	 0.250 	 0.51809 	 585.77
   758 	 3000 	   14 	 0.250 	 0.51624 	 585.77
   758 	 3000 	   15 	 0.250 	 0.51378 	 585.77
   758 	 3000 	    1 	 0.300 	 0.57802 	 637.65
   758 	 3000 	    2 	 0.300 	 0.56625 	 637.65
   758 	 3000 	    3 	 0.300 	 0.55748 	 637.65
   758 	 3000 	    4 	 0.300 	 0.55284 	 637.65
   758 	 3000 	    5 	 0.300 	 0.54304 	 637.65
   758 	 3000 	    6 	 0.300 	 0.53696 	 637.65
   758 	 3000 	    7 	 0.300 	 0.53415 	 637.65
   758 	 3000 	    8 	 0.300 	 0.53084 	 637.65
   758 	 3000 	    9 	 0.300 	 0.52688 	 637.65
   758 	 3000 	   10 	 0.300 	 0.52459 	 637.65
   758 	 3000 	   11 	 0.300 	 0.52252 	 637.65
   758 	 3000 	   12 	 0.300 	 0.51886 	 637.65
   758 	 3000 	   13 	 0.300 	 0.51749 	 637.65
   758 	 3000 	   14 	 0.300 	 0.51609 	 637.65
   758 	 3000 	   15 	 0.300 	 0.51392 	 637.65
   758 	 3000 	    1 	 0.350 	 0.57319 	 566.91
   758 	 3000 	    2 	 0.350 	 0.56303 	 566.91
   758 	 3000 	    3 	 0.350 	 0.56646 	 566.91
   758 	 3000 	    4 	 0.350 	 0.55386 	 566.91
   758 	 3000 	    5 	 0.350 	 0.54734 	 566.91
   758 	 3000 	    6 	 0.350 	 0.54096 	 566.91
   758 	 3000 	    7 	 0.350 	 0.53454 	 566.91
   758 	 3000 	    8 	 0.350 	 0.53252 	 566.91
   758 	 3000 	    9 	 0.350 	 0.53040 	 566.91
   758 	 3000 	   10 	 0.350 	 0.52951 	 566.91
   758 	 3000 	   11 	 0.350 	 0.52734 	 566.91
   758 	 3000 	   12 	 0.350 	 0.52326 	 566.91
   758 	 3000 	   13 	 0.350 	 0.52087 	 566.91
   758 	 3000 	   14 	 0.350 	 0.51879 	 566.91
   758 	 3000 	   15 	 0.350 	 0.51613 	 566.91
   758 	 3000 	    1 	 0.400 	 0.56812 	 568.10
   758 	 3000 	    2 	 0.400 	 0.55849 	 568.10
   758 	 3000 	    3 	 0.400 	 0.55708 	 568.10
   758 	 3000 	    4 	 0.400 	 0.55387 	 568.10
   758 	 3000 	    5 	 0.400 	 0.55278 	 568.10
   758 	 3000 	    6 	 0.400 	 0.54661 	 568.10
   758 	 3000 	    7 	 0.400 	 0.53615 	 568.10
   758 	 3000 	    8 	 0.400 	 0.52836 	 568.10
   758 	 3000 	    9 	 0.400 	 0.52744 	 568.10
   758 	 3000 	   10 	 0.400 	 0.52699 	 568.10
   758 	 3000 	   11 	 0.400 	 0.52615 	 568.10
   758 	 3000 	   12 	 0.400 	 0.52394 	 568.10
   758 	 3000 	   13 	 0.400 	 0.52039 	 568.10
   758 	 3000 	   14 	 0.400 	 0.51686 	 568.10
   758 	 3000 	   15 	 0.400 	 0.51559 	 568.10
   758 	 3000 	    1 	 0.450 	 0.56711 	 520.70
   758 	 3000 	    2 	 0.450 	 0.56047 	 520.70
   758 	 3000 	    3 	 0.450 	 0.55543 	 520.70
   758 	 3000 	    4 	 0.450 	 0.55169 	 520.70
   758 	 3000 	    5 	 0.450 	 0.54390 	 520.70
   758 	 3000 	    6 	 0.450 	 0.53594 	 520.70
   758 	 3000 	    7 	 0.450 	 0.53210 	 520.70
   758 	 3000 	    8 	 0.450 	 0.53246 	 520.70
   758 	 3000 	    9 	 0.450 	 0.53088 	 520.70
   758 	 3000 	   10 	 0.450 	 0.53069 	 520.70
   758 	 3000 	   11 	 0.450 	 0.52749 	 520.70
   758 	 3000 	   12 	 0.450 	 0.52416 	 520.70
   758 	 3000 	   13 	 0.450 	 0.52124 	 520.70
   758 	 3000 	   14 	 0.450 	 0.51832 	 520.70
   758 	 3000 	   15 	 0.450 	 0.51724 	 520.70
   758 	 3000 	    1 	 0.500 	 0.56630 	 527.03
   758 	 3000 	    2 	 0.500 	 0.55493 	 527.03
   758 	 3000 	    3 	 0.500 	 0.55277 	 527.03
   758 	 3000 	    4 	 0.500 	 0.55260 	 527.03
   758 	 3000 	    5 	 0.500 	 0.54934 	 527.03
   758 	 3000 	    6 	 0.500 	 0.53916 	 527.03
   758 	 3000 	    7 	 0.500 	 0.53949 	 527.03
   758 	 3000 	    8 	 0.500 	 0.53175 	 527.03
   758 	 3000 	    9 	 0.500 	 0.52990 	 527.03
   758 	 3000 	   10 	 0.500 	 0.52725 	 527.03
   758 	 3000 	   11 	 0.500 	 0.52630 	 527.03
   758 	 3000 	   12 	 0.500 	 0.52407 	 527.03
   758 	 3000 	   13 	 0.500 	 0.52045 	 527.03
   758 	 3000 	   14 	 0.500 	 0.51862 	 527.03
   758 	 3000 	   15 	 0.500 	 0.51723 	 527.03
   758 	 3000 	    1 	 0.550 	 0.56625 	 526.82
   758 	 3000 	    2 	 0.550 	 0.55629 	 526.82
   758 	 3000 	    3 	 0.550 	 0.54361 	 526.82
   758 	 3000 	    4 	 0.550 	 0.54675 	 526.82
   758 	 3000 	    5 	 0.550 	 0.54608 	 526.82
   758 	 3000 	    6 	 0.550 	 0.54130 	 526.82
   758 	 3000 	    7 	 0.550 	 0.53621 	 526.82
   758 	 3000 	    8 	 0.550 	 0.53395 	 526.82
   758 	 3000 	    9 	 0.550 	 0.53067 	 526.82
   758 	 3000 	   10 	 0.550 	 0.52812 	 526.82
   758 	 3000 	   11 	 0.550 	 0.52400 	 526.82
   758 	 3000 	   12 	 0.550 	 0.52470 	 526.82
   758 	 3000 	   13 	 0.550 	 0.52332 	 526.82
   758 	 3000 	   14 	 0.550 	 0.52084 	 526.82
   758 	 3000 	   15 	 0.550 	 0.51842 	 526.82
   758 	 3000 	    1 	 0.600 	 0.56829 	 528.40
   758 	 3000 	    2 	 0.600 	 0.55637 	 528.40
   758 	 3000 	    3 	 0.600 	 0.54936 	 528.40
   758 	 3000 	    4 	 0.600 	 0.54782 	 528.40
   758 	 3000 	    5 	 0.600 	 0.54741 	 528.40
   758 	 3000 	    6 	 0.600 	 0.53715 	 528.40
   758 	 3000 	    7 	 0.600 	 0.53699 	 528.40
   758 	 3000 	    8 	 0.600 	 0.53107 	 528.40
   758 	 3000 	    9 	 0.600 	 0.52754 	 528.40
   758 	 3000 	   10 	 0.600 	 0.52407 	 528.40
   758 	 3000 	   11 	 0.600 	 0.52460 	 528.40
   758 	 3000 	   12 	 0.600 	 0.52341 	 528.40
   758 	 3000 	   13 	 0.600 	 0.52145 	 528.40
   758 	 3000 	   14 	 0.600 	 0.51889 	 528.40
   758 	 3000 	   15 	 0.600 	 0.51724 	 528.40
   758 	 3000 	    1 	 0.650 	 0.55469 	 527.19
   758 	 3000 	    2 	 0.650 	 0.55127 	 527.19
   758 	 3000 	    3 	 0.650 	 0.54485 	 527.19
   758 	 3000 	    4 	 0.650 	 0.53666 	 527.19
   758 	 3000 	    5 	 0.650 	 0.54427 	 527.19
   758 	 3000 	    6 	 0.650 	 0.54153 	 527.19
   758 	 3000 	    7 	 0.650 	 0.54040 	 527.19
   758 	 3000 	    8 	 0.650 	 0.53417 	 527.19
   758 	 3000 	    9 	 0.650 	 0.52965 	 527.19
   758 	 3000 	   10 	 0.650 	 0.52780 	 527.19
   758 	 3000 	   11 	 0.650 	 0.52803 	 527.19
   758 	 3000 	   12 	 0.650 	 0.52716 	 527.19
   758 	 3000 	   13 	 0.650 	 0.52386 	 527.19
   758 	 3000 	   14 	 0.650 	 0.52130 	 527.19
   758 	 3000 	   15 	 0.650 	 0.51911 	 527.19
   758 	 3000 	    1 	 0.700 	 0.54739 	 525.97
   758 	 3000 	    2 	 0.700 	 0.54632 	 525.97
   758 	 3000 	    3 	 0.700 	 0.54356 	 525.97
   758 	 3000 	    4 	 0.700 	 0.53884 	 525.97
   758 	 3000 	    5 	 0.700 	 0.54348 	 525.97
   758 	 3000 	    6 	 0.700 	 0.53578 	 525.97
   758 	 3000 	    7 	 0.700 	 0.53285 	 525.97
   758 	 3000 	    8 	 0.700 	 0.52943 	 525.97
   758 	 3000 	    9 	 0.700 	 0.53301 	 525.97
   758 	 3000 	   10 	 0.700 	 0.52695 	 525.97
   758 	 3000 	   11 	 0.700 	 0.52135 	 525.97
   758 	 3000 	   12 	 0.700 	 0.52313 	 525.97
   758 	 3000 	   13 	 0.700 	 0.52039 	 525.97
   758 	 3000 	   14 	 0.700 	 0.51867 	 525.97
   758 	 3000 	   15 	 0.700 	 0.51513 	 525.97
   758 	 3000 	    1 	 0.750 	 0.54284 	 527.66
   758 	 3000 	    2 	 0.750 	 0.54208 	 527.66
   758 	 3000 	    3 	 0.750 	 0.54316 	 527.66
   758 	 3000 	    4 	 0.750 	 0.53683 	 527.66
   758 	 3000 	    5 	 0.750 	 0.53250 	 527.66
   758 	 3000 	    6 	 0.750 	 0.54069 	 527.66
   758 	 3000 	    7 	 0.750 	 0.53435 	 527.66
   758 	 3000 	    8 	 0.750 	 0.52866 	 527.66
   758 	 3000 	    9 	 0.750 	 0.52718 	 527.66
   758 	 3000 	   10 	 0.750 	 0.52755 	 527.66
   758 	 3000 	   11 	 0.750 	 0.52650 	 527.66
   758 	 3000 	   12 	 0.750 	 0.52261 	 527.66
   758 	 3000 	   13 	 0.750 	 0.52184 	 527.66
   758 	 3000 	   14 	 0.750 	 0.52115 	 527.66
   758 	 3000 	   15 	 0.750 	 0.51705 	 527.66
   758 	 3000 	    1 	 0.800 	 0.53841 	 525.95
   758 	 3000 	    2 	 0.800 	 0.54647 	 525.95
   758 	 3000 	    3 	 0.800 	 0.53909 	 525.95
   758 	 3000 	    4 	 0.800 	 0.53310 	 525.95
   758 	 3000 	    5 	 0.800 	 0.53512 	 525.95
   758 	 3000 	    6 	 0.800 	 0.53351 	 525.95
   758 	 3000 	    7 	 0.800 	 0.53097 	 525.95
   758 	 3000 	    8 	 0.800 	 0.52814 	 525.95
   758 	 3000 	    9 	 0.800 	 0.52448 	 525.95
   758 	 3000 	   10 	 0.800 	 0.52631 	 525.95
   758 	 3000 	   11 	 0.800 	 0.52468 	 525.95
   758 	 3000 	   12 	 0.800 	 0.52332 	 525.95
   758 	 3000 	   13 	 0.800 	 0.52179 	 525.95
   758 	 3000 	   14 	 0.800 	 0.51698 	 525.95
   758 	 3000 	   15 	 0.800 	 0.51777 	 525.95
   758 	 3000 	    1 	 0.850 	 0.52719 	 525.10
   758 	 3000 	    2 	 0.850 	 0.53518 	 525.10
   758 	 3000 	    3 	 0.850 	 0.53089 	 525.10
   758 	 3000 	    4 	 0.850 	 0.53484 	 525.10
   758 	 3000 	    5 	 0.850 	 0.53649 	 525.10
   758 	 3000 	    6 	 0.850 	 0.53078 	 525.10
   758 	 3000 	    7 	 0.850 	 0.52899 	 525.10
   758 	 3000 	    8 	 0.850 	 0.53005 	 525.10
   758 	 3000 	    9 	 0.850 	 0.52697 	 525.10
   758 	 3000 	   10 	 0.850 	 0.52754 	 525.10
   758 	 3000 	   11 	 0.850 	 0.52392 	 525.10
   758 	 3000 	   12 	 0.850 	 0.52366 	 525.10
   758 	 3000 	   13 	 0.850 	 0.52588 	 525.10
   758 	 3000 	   14 	 0.850 	 0.52537 	 525.10
   758 	 3000 	   15 	 0.850 	 0.52345 	 525.10
   758 	 3000 	    1 	 0.900 	 0.51895 	 531.00
   758 	 3000 	    2 	 0.900 	 0.52728 	 531.00
   758 	 3000 	    3 	 0.900 	 0.52817 	 531.00
   758 	 3000 	    4 	 0.900 	 0.53276 	 531.00
   758 	 3000 	    5 	 0.900 	 0.52561 	 531.00
   758 	 3000 	    6 	 0.900 	 0.53153 	 531.00
   758 	 3000 	    7 	 0.900 	 0.53410 	 531.00
   758 	 3000 	    8 	 0.900 	 0.53060 	 531.00
   758 	 3000 	    9 	 0.900 	 0.52811 	 531.00
   758 	 3000 	   10 	 0.900 	 0.52877 	 531.00
   758 	 3000 	   11 	 0.900 	 0.52327 	 531.00
   758 	 3000 	   12 	 0.900 	 0.52164 	 531.00
   758 	 3000 	   13 	 0.900 	 0.51906 	 531.00
   758 	 3000 	   14 	 0.900 	 0.51539 	 531.00
   758 	 3000 	   15 	 0.900 	 0.51442 	 531.00
   758 	 3000 	    1 	 0.950 	 0.51023 	 524.63
   758 	 3000 	    2 	 0.950 	 0.52543 	 524.63
   758 	 3000 	    3 	 0.950 	 0.52738 	 524.63
   758 	 3000 	    4 	 0.950 	 0.53108 	 524.63
   758 	 3000 	    5 	 0.950 	 0.52579 	 524.63
   758 	 3000 	    6 	 0.950 	 0.52795 	 524.63
   758 	 3000 	    7 	 0.950 	 0.52743 	 524.63
   758 	 3000 	    8 	 0.950 	 0.53583 	 524.63
   758 	 3000 	    9 	 0.950 	 0.53153 	 524.63
   758 	 3000 	   10 	 0.950 	 0.52838 	 524.63
   758 	 3000 	   11 	 0.950 	 0.52673 	 524.63
   758 	 3000 	   12 	 0.950 	 0.52285 	 524.63
   758 	 3000 	   13 	 0.950 	 0.52163 	 524.63
   758 	 3000 	   14 	 0.950 	 0.52167 	 524.63
   758 	 3000 	   15 	 0.950 	 0.52019 	 524.63
   373 	 1500 	   20 	 0.050 	 0.52039 	 1227.45
   373 	 1500 	   25 	 0.050 	 0.52925 	 1227.45
   373 	 1500 	   30 	 0.050 	 0.53675 	 1227.45
   373 	 1500 	   35 	 0.050 	 0.54281 	 1227.45
   373 	 1500 	   40 	 0.050 	 0.54881 	 1227.45
   373 	 1500 	   45 	 0.050 	 0.55404 	 1227.45
   373 	 1500 	   50 	 0.050 	 0.55880 	 1227.45
   373 	 1500 	   55 	 0.050 	 0.56311 	 1227.45
   373 	 1500 	   60 	 0.050 	 0.56753 	 1227.45
   373 	 1500 	   65 	 0.050 	 0.56999 	 1227.45
   373 	 1500 	   70 	 0.050 	 0.57002 	 1227.45
   373 	 1500 	   75 	 0.050 	 0.56738 	 1227.45
   373 	 1500 	   80 	 0.050 	 0.55987 	 1227.45
   373 	 1500 	   85 	 0.050 	 0.54994 	 1227.45
   373 	 1500 	   90 	 0.050 	 0.53661 	 1227.45
   373 	 1500 	   20 	 0.100 	 0.52117 	 1188.04
   373 	 1500 	   25 	 0.100 	 0.52975 	 1188.04
   373 	 1500 	   30 	 0.100 	 0.53745 	 1188.04
   373 	 1500 	   35 	 0.100 	 0.54437 	 1188.04
   373 	 1500 	   40 	 0.100 	 0.55019 	 1188.04
   373 	 1500 	   45 	 0.100 	 0.55530 	 1188.04
   373 	 1500 	   50 	 0.100 	 0.56021 	 1188.04
   373 	 1500 	   55 	 0.100 	 0.56520 	 1188.04
   373 	 1500 	   60 	 0.100 	 0.56845 	 1188.04
   373 	 1500 	   65 	 0.100 	 0.57172 	 1188.04
   373 	 1500 	   70 	 0.100 	 0.57382 	 1188.04
   373 	 1500 	   75 	 0.100 	 0.57321 	 1188.04
   373 	 1500 	   80 	 0.100 	 0.56972 	 1188.04
   373 	 1500 	   85 	 0.100 	 0.56086 	 1188.04
   373 	 1500 	   90 	 0.100 	 0.54880 	 1188.04
   373 	 1500 	   20 	 0.150 	 0.52079 	 1184.44
   373 	 1500 	   25 	 0.150 	 0.52854 	 1184.44
   373 	 1500 	   30 	 0.150 	 0.53600 	 1184.44
   373 	 1500 	   35 	 0.150 	 0.54312 	 1184.44
   373 	 1500 	   40 	 0.150 	 0.54871 	 1184.44
   373 	 1500 	   45 	 0.150 	 0.55267 	 1184.44
   373 	 1500 	   50 	 0.150 	 0.55781 	 1184.44
   373 	 1500 	   55 	 0.150 	 0.56164 	 1184.44
   373 	 1500 	   60 	 0.150 	 0.56552 	 1184.44
   373 	 1500 	   65 	 0.150 	 0.56851 	 1184.44
   373 	 1500 	   70 	 0.150 	 0.57050 	 1184.44
   373 	 1500 	   75 	 0.150 	 0.57064 	 1184.44
   373 	 1500 	   80 	 0.150 	 0.56683 	 1184.44
   373 	 1500 	   85 	 0.150 	 0.55897 	 1184.44
   373 	 1500 	   90 	 0.150 	 0.54532 	 1184.44
   373 	 1500 	   20 	 0.200 	 0.52370 	 1179.38
   373 	 1500 	   25 	 0.200 	 0.53133 	 1179.38
   373 	 1500 	   30 	 0.200 	 0.53860 	 1179.38
   373 	 1500 	   35 	 0.200 	 0.54429 	 1179.38
   373 	 1500 	   40 	 0.200 	 0.54886 	 1179.38
   373 	 1500 	   45 	 0.200 	 0.55360 	 1179.38
   373 	 1500 	   50 	 0.200 	 0.55827 	 1179.38
   373 	 1500 	   55 	 0.200 	 0.56279 	 1179.38
   373 	 1500 	   60 	 0.200 	 0.56629 	 1179.38
   373 	 1500 	   65 	 0.200 	 0.56960 	 1179.38
   373 	 1500 	   70 	 0.200 	 0.57201 	 1179.38
   373 	 1500 	   75 	 0.200 	 0.57173 	 1179.38
   373 	 1500 	   80 	 0.200 	 0.56701 	 1179.38
   373 	 1500 	   85 	 0.200 	 0.55787 	 1179.38
   373 	 1500 	   90 	 0.200 	 0.54425 	 1179.38
   373 	 1500 	   20 	 0.250 	 0.52027 	 1368.15
   373 	 1500 	   25 	 0.250 	 0.52728 	 1368.15
   373 	 1500 	   30 	 0.250 	 0.53411 	 1368.15
   373 	 1500 	   35 	 0.250 	 0.53978 	 1368.15
   373 	 1500 	   40 	 0.250 	 0.54540 	 1368.15
   373 	 1500 	   45 	 0.250 	 0.55036 	 1368.15
   373 	 1500 	   50 	 0.250 	 0.55577 	 1368.15
   373 	 1500 	   55 	 0.250 	 0.56127 	 1368.15
   373 	 1500 	   60 	 0.250 	 0.56613 	 1368.15
   373 	 1500 	   65 	 0.250 	 0.57088 	 1368.15
   373 	 1500 	   70 	 0.250 	 0.57348 	 1368.15
   373 	 1500 	   75 	 0.250 	 0.57332 	 1368.15
   373 	 1500 	   80 	 0.250 	 0.56928 	 1368.15
   373 	 1500 	   85 	 0.250 	 0.56272 	 1368.15
   373 	 1500 	   90 	 0.250 	 0.55164 	 1368.15
   373 	 1500 	   20 	 0.300 	 0.51986 	 1366.34
   373 	 1500 	   25 	 0.300 	 0.52717 	 1366.34
   373 	 1500 	   30 	 0.300 	 0.53416 	 1366.34
   373 	 1500 	   35 	 0.300 	 0.54067 	 1366.34
   373 	 1500 	   40 	 0.300 	 0.54616 	 1366.34
   373 	 1500 	   45 	 0.300 	 0.55196 	 1366.34
   373 	 1500 	   50 	 0.300 	 0.55784 	 1366.34
   373 	 1500 	   55 	 0.300 	 0.56396 	 1366.34
   373 	 1500 	   60 	 0.300 	 0.56826 	 1366.34
   373 	 1500 	   65 	 0.300 	 0.57174 	 1366.34
   373 	 1500 	   70 	 0.300 	 0.57418 	 1366.34
   373 	 1500 	   75 	 0.300 	 0.57349 	 1366.34
   373 	 1500 	   80 	 0.300 	 0.57015 	 1366.34
   373 	 1500 	   85 	 0.300 	 0.56164 	 1366.34
   373 	 1500 	   90 	 0.300 	 0.54881 	 1366.34
   373 	 1500 	   20 	 0.350 	 0.51779 	 1270.28
   373 	 1500 	   25 	 0.350 	 0.52460 	 1270.28
   373 	 1500 	   30 	 0.350 	 0.53139 	 1270.28
   373 	 1500 	   35 	 0.350 	 0.53765 	 1270.28
   373 	 1500 	   40 	 0.350 	 0.54321 	 1270.28
   373 	 1500 	   45 	 0.350 	 0.54862 	 1270.28
   373 	 1500 	   50 	 0.350 	 0.55402 	 1270.28
   373 	 1500 	   55 	 0.350 	 0.55966 	 1270.28
   373 	 1500 	   60 	 0.350 	 0.56453 	 1270.28
   373 	 1500 	   65 	 0.350 	 0.56808 	 1270.28
   373 	 1500 	   70 	 0.350 	 0.57033 	 1270.28
   373 	 1500 	   75 	 0.350 	 0.56930 	 1270.28
   373 	 1500 	   80 	 0.350 	 0.56474 	 1270.28
   373 	 1500 	   85 	 0.350 	 0.55477 	 1270.28
   373 	 1500 	   90 	 0.350 	 0.54363 	 1270.28
   373 	 1500 	   20 	 0.400 	 0.51658 	 1166.77
   373 	 1500 	   25 	 0.400 	 0.52320 	 1166.77
   373 	 1500 	   30 	 0.400 	 0.53005 	 1166.77
   373 	 1500 	   35 	 0.400 	 0.53645 	 1166.77
   373 	 1500 	   40 	 0.400 	 0.54240 	 1166.77
   373 	 1500 	   45 	 0.400 	 0.54815 	 1166.77
   373 	 1500 	   50 	 0.400 	 0.55390 	 1166.77
   373 	 1500 	   55 	 0.400 	 0.55933 	 1166.77
   373 	 1500 	   60 	 0.400 	 0.56407 	 1166.77
   373 	 1500 	   65 	 0.400 	 0.56810 	 1166.77
   373 	 1500 	   70 	 0.400 	 0.57043 	 1166.77
   373 	 1500 	   75 	 0.400 	 0.57036 	 1166.77
   373 	 1500 	   80 	 0.400 	 0.56619 	 1166.77
   373 	 1500 	   85 	 0.400 	 0.55662 	 1166.77
   373 	 1500 	   90 	 0.400 	 0.54303 	 1166.77
   373 	 1500 	   20 	 0.450 	 0.51644 	 1226.19
   373 	 1500 	   25 	 0.450 	 0.52360 	 1226.19
   373 	 1500 	   30 	 0.450 	 0.53050 	 1226.19
   373 	 1500 	   35 	 0.450 	 0.53759 	 1226.19
   373 	 1500 	   40 	 0.450 	 0.54347 	 1226.19
   373 	 1500 	   45 	 0.450 	 0.54925 	 1226.19
   373 	 1500 	   50 	 0.450 	 0.55539 	 1226.19
   373 	 1500 	   55 	 0.450 	 0.56085 	 1226.19
   373 	 1500 	   60 	 0.450 	 0.56577 	 1226.19
   373 	 1500 	   65 	 0.450 	 0.56890 	 1226.19
   373 	 1500 	   70 	 0.450 	 0.57002 	 1226.19
   373 	 1500 	   75 	 0.450 	 0.56817 	 1226.19
   373 	 1500 	   80 	 0.450 	 0.56353 	 1226.19
   373 	 1500 	   85 	 0.450 	 0.55470 	 1226.19
   373 	 1500 	   90 	 0.450 	 0.54399 	 1226.19
   373 	 1500 	   20 	 0.500 	 0.51676 	 1206.58
   373 	 1500 	   25 	 0.500 	 0.52430 	 1206.58
   373 	 1500 	   30 	 0.500 	 0.53113 	 1206.58
   373 	 1500 	   35 	 0.500 	 0.53770 	 1206.58
   373 	 1500 	   40 	 0.500 	 0.54348 	 1206.58
   373 	 1500 	   45 	 0.500 	 0.54918 	 1206.58
   373 	 1500 	   50 	 0.500 	 0.55458 	 1206.58
   373 	 1500 	   55 	 0.500 	 0.55990 	 1206.58
   373 	 1500 	   60 	 0.500 	 0.56463 	 1206.58
   373 	 1500 	   65 	 0.500 	 0.56797 	 1206.58
   373 	 1500 	   70 	 0.500 	 0.57011 	 1206.58
   373 	 1500 	   75 	 0.500 	 0.56853 	 1206.58
   373 	 1500 	   80 	 0.500 	 0.56180 	 1206.58
   373 	 1500 	   85 	 0.500 	 0.55157 	 1206.58
   373 	 1500 	   90 	 0.500 	 0.54044 	 1206.58
   373 	 1500 	   20 	 0.550 	 0.51712 	 1176.55
   373 	 1500 	   25 	 0.550 	 0.52447 	 1176.55
   373 	 1500 	   30 	 0.550 	 0.53264 	 1176.55
   373 	 1500 	   35 	 0.550 	 0.53996 	 1176.55
   373 	 1500 	   40 	 0.550 	 0.54624 	 1176.55
   373 	 1500 	   45 	 0.550 	 0.55232 	 1176.55
   373 	 1500 	   50 	 0.550 	 0.55790 	 1176.55
   373 	 1500 	   55 	 0.550 	 0.56319 	 1176.55
   373 	 1500 	   60 	 0.550 	 0.56755 	 1176.55
   373 	 1500 	   65 	 0.550 	 0.57097 	 1176.55
   373 	 1500 	   70 	 0.550 	 0.57221 	 1176.55
   373 	 1500 	   75 	 0.550 	 0.56995 	 1176.55
   373 	 1500 	   80 	 0.550 	 0.56408 	 1176.55
   373 	 1500 	   85 	 0.550 	 0.55351 	 1176.55
   373 	 1500 	   90 	 0.550 	 0.54123 	 1176.55
   373 	 1500 	   20 	 0.600 	 0.51650 	 1159.05
   373 	 1500 	   25 	 0.600 	 0.52411 	 1159.05
   373 	 1500 	   30 	 0.600 	 0.53230 	 1159.05
   373 	 1500 	   35 	 0.600 	 0.53879 	 1159.05
   373 	 1500 	   40 	 0.600 	 0.54493 	 1159.05
   373 	 1500 	   45 	 0.600 	 0.55101 	 1159.05
   373 	 1500 	   50 	 0.600 	 0.55731 	 1159.05
   373 	 1500 	   55 	 0.600 	 0.56270 	 1159.05
   373 	 1500 	   60 	 0.600 	 0.56712 	 1159.05
   373 	 1500 	   65 	 0.600 	 0.57010 	 1159.05
   373 	 1500 	   70 	 0.600 	 0.57133 	 1159.05
   373 	 1500 	   75 	 0.600 	 0.56933 	 1159.05
   373 	 1500 	   80 	 0.600 	 0.56323 	 1159.05
   373 	 1500 	   85 	 0.600 	 0.55404 	 1159.05
   373 	 1500 	   90 	 0.600 	 0.54121 	 1159.05
   373 	 1500 	   20 	 0.650 	 0.51457 	 1159.88
   373 	 1500 	   25 	 0.650 	 0.52300 	 1159.88
   373 	 1500 	   30 	 0.650 	 0.53195 	 1159.88
   373 	 1500 	   35 	 0.650 	 0.53932 	 1159.88
   373 	 1500 	   40 	 0.650 	 0.54617 	 1159.88
   373 	 1500 	   45 	 0.650 	 0.55224 	 1159.88
   373 	 1500 	   50 	 0.650 	 0.55916 	 1159.88
   373 	 1500 	   55 	 0.650 	 0.56500 	 1159.88
   373 	 1500 	   60 	 0.650 	 0.56974 	 1159.88
   373 	 1500 	   65 	 0.650 	 0.57356 	 1159.88
   373 	 1500 	   70 	 0.650 	 0.57518 	 1159.88
   373 	 1500 	   75 	 0.650 	 0.57254 	 1159.88
   373 	 1500 	   80 	 0.650 	 0.56651 	 1159.88
   373 	 1500 	   85 	 0.650 	 0.55615 	 1159.88
   373 	 1500 	   90 	 0.650 	 0.54493 	 1159.88
   373 	 1500 	   20 	 0.700 	 0.51920 	 1263.95
   373 	 1500 	   25 	 0.700 	 0.52696 	 1263.95
   373 	 1500 	   30 	 0.700 	 0.53450 	 1263.95
   373 	 1500 	   35 	 0.700 	 0.54111 	 1263.95
   373 	 1500 	   40 	 0.700 	 0.54705 	 1263.95
   373 	 1500 	   45 	 0.700 	 0.55304 	 1263.95
   373 	 1500 	   50 	 0.700 	 0.55815 	 1263.95
   373 	 1500 	   55 	 0.700 	 0.56336 	 1263.95
   373 	 1500 	   60 	 0.700 	 0.56753 	 1263.95
   373 	 1500 	   65 	 0.700 	 0.57038 	 1263.95
   373 	 1500 	   70 	 0.700 	 0.57099 	 1263.95
   373 	 1500 	   75 	 0.700 	 0.56753 	 1263.95
   373 	 1500 	   80 	 0.700 	 0.56004 	 1263.95
   373 	 1500 	   85 	 0.700 	 0.55032 	 1263.95
   373 	 1500 	   90 	 0.700 	 0.53782 	 1263.95
   373 	 1500 	   20 	 0.750 	 0.51520 	 1287.40
   373 	 1500 	   25 	 0.750 	 0.52400 	 1287.40
   373 	 1500 	   30 	 0.750 	 0.53190 	 1287.40
   373 	 1500 	   35 	 0.750 	 0.53908 	 1287.40
   373 	 1500 	   40 	 0.750 	 0.54519 	 1287.40
   373 	 1500 	   45 	 0.750 	 0.55092 	 1287.40
   373 	 1500 	   50 	 0.750 	 0.55646 	 1287.40
   373 	 1500 	   55 	 0.750 	 0.56200 	 1287.40
   373 	 1500 	   60 	 0.750 	 0.56610 	 1287.40
   373 	 1500 	   65 	 0.750 	 0.56921 	 1287.40
   373 	 1500 	   70 	 0.750 	 0.56948 	 1287.40
   373 	 1500 	   75 	 0.750 	 0.56643 	 1287.40
   373 	 1500 	   80 	 0.750 	 0.55978 	 1287.40
   373 	 1500 	   85 	 0.750 	 0.54976 	 1287.40
   373 	 1500 	   90 	 0.750 	 0.53772 	 1287.40
   373 	 1500 	   20 	 0.800 	 0.51683 	 1334.00
   373 	 1500 	   25 	 0.800 	 0.52514 	 1334.00
   373 	 1500 	   30 	 0.800 	 0.53322 	 1334.00
   373 	 1500 	   35 	 0.800 	 0.53989 	 1334.00
   373 	 1500 	   40 	 0.800 	 0.54601 	 1334.00
   373 	 1500 	   45 	 0.800 	 0.55200 	 1334.00
   373 	 1500 	   50 	 0.800 	 0.55777 	 1334.00
   373 	 1500 	   55 	 0.800 	 0.56273 	 1334.00
   373 	 1500 	   60 	 0.800 	 0.56738 	 1334.00
   373 	 1500 	   65 	 0.800 	 0.57110 	 1334.00
   373 	 1500 	   70 	 0.800 	 0.57233 	 1334.00
   373 	 1500 	   75 	 0.800 	 0.56957 	 1334.00
   373 	 1500 	   80 	 0.800 	 0.56314 	 1334.00
   373 	 1500 	   85 	 0.800 	 0.55253 	 1334.00
   373 	 1500 	   90 	 0.800 	 0.53947 	 1334.00
   373 	 1500 	   20 	 0.850 	 0.51502 	 1461.88
   373 	 1500 	   25 	 0.850 	 0.52361 	 1461.88
   373 	 1500 	   30 	 0.850 	 0.53209 	 1461.88
   373 	 1500 	   35 	 0.850 	 0.53920 	 1461.88
   373 	 1500 	   40 	 0.850 	 0.54549 	 1461.88
   373 	 1500 	   45 	 0.850 	 0.55168 	 1461.88
   373 	 1500 	   50 	 0.850 	 0.55731 	 1461.88
   373 	 1500 	   55 	 0.850 	 0.56249 	 1461.88
   373 	 1500 	   60 	 0.850 	 0.56726 	 1461.88
   373 	 1500 	   65 	 0.850 	 0.57094 	 1461.88
   373 	 1500 	   70 	 0.850 	 0.57199 	 1461.88
   373 	 1500 	   75 	 0.850 	 0.56984 	 1461.88
   373 	 1500 	   80 	 0.850 	 0.56322 	 1461.88
   373 	 1500 	   85 	 0.850 	 0.55222 	 1461.88
   373 	 1500 	   90 	 0.850 	 0.54013 	 1461.88
   373 	 1500 	   20 	 0.900 	 0.51576 	 1278.78
   373 	 1500 	   25 	 0.900 	 0.52474 	 1278.78
   373 	 1500 	   30 	 0.900 	 0.53317 	 1278.78
   373 	 1500 	   35 	 0.900 	 0.54064 	 1278.78
   373 	 1500 	   40 	 0.900 	 0.54657 	 1278.78
   373 	 1500 	   45 	 0.900 	 0.55295 	 1278.78
   373 	 1500 	   50 	 0.900 	 0.55897 	 1278.78
   373 	 1500 	   55 	 0.900 	 0.56361 	 1278.78
   373 	 1500 	   60 	 0.900 	 0.56795 	 1278.78
   373 	 1500 	   65 	 0.900 	 0.57113 	 1278.78
   373 	 1500 	   70 	 0.900 	 0.57164 	 1278.78
   373 	 1500 	   75 	 0.900 	 0.56862 	 1278.78
   373 	 1500 	   80 	 0.900 	 0.56284 	 1278.78
   373 	 1500 	   85 	 0.900 	 0.55355 	 1278.78
   373 	 1500 	   90 	 0.900 	 0.54229 	 1278.78
   373 	 1500 	   20 	 0.950 	 0.51660 	 1165.85
   373 	 1500 	   25 	 0.950 	 0.52542 	 1165.85
   373 	 1500 	   30 	 0.950 	 0.53350 	 1165.85
   373 	 1500 	   35 	 0.950 	 0.54025 	 1165.85
   373 	 1500 	   40 	 0.950 	 0.54652 	 1165.85
   373 	 1500 	   45 	 0.950 	 0.55256 	 1165.85
   373 	 1500 	   50 	 0.950 	 0.55793 	 1165.85
   373 	 1500 	   55 	 0.950 	 0.56296 	 1165.85
   373 	 1500 	   60 	 0.950 	 0.56637 	 1165.85
   373 	 1500 	   65 	 0.950 	 0.56897 	 1165.85
   373 	 1500 	   70 	 0.950 	 0.56949 	 1165.85
   373 	 1500 	   75 	 0.950 	 0.56604 	 1165.85
   373 	 1500 	   80 	 0.950 	 0.55975 	 1165.85
   373 	 1500 	   85 	 0.950 	 0.55053 	 1165.85
   373 	 1500 	   90 	 0.950 	 0.53849 	 1165.85
   373 	 1500 	   70 	 0.300 	 0.57050 	 106.75
   373 	 1500 	   70 	 0.300 	 0.56927 	  99.76
   373 	 1500 	   70 	 0.300 	 0.57158 	  98.50
   373 	 1500 	   70 	 0.300 	 0.57251 	  98.88
   373 	 1500 	   70 	 0.300 	 0.57078 	  98.02
   373 	 1500 	   70 	 0.300 	 0.56990 	 101.87
   373 	 1500 	   70 	 0.300 	 0.57262 	  98.52
   373 	 1500 	   70 	 0.300 	 0.56753 	  98.89
   373 	 1500 	   70 	 0.300 	 0.57227 	  99.58
   373 	 1500 	   70 	 0.300 	 0.56908 	  99.78
   373 	 1500 	   70 	 0.300 	 0.57348 	  99.70
   373 	 1500 	   70 	 0.300 	 0.57220 	  99.40
   373 	 1500 	   70 	 0.300 	 0.57141 	  98.41
   373 	 1500 	   70 	 0.300 	 0.56907 	  99.84
   373 	 1500 	   70 	 0.300 	 0.56889 	  99.34
   373 	 1500 	   70 	 0.300 	 0.57088 	  99.46
   373 	 1500 	   70 	 0.300 	 0.57076 	  99.66
   373 	 1500 	   70 	 0.300 	 0.56993 	  99.53
   373 	 1500 	   70 	 0.300 	 0.57221 	  99.49
   373 	 1500 	   70 	 0.300 	 0.57203 	  99.95
   373 	 1500 	   70 	 0.300 	 0.57275 	 102.95
   373 	 1500 	   70 	 0.300 	 0.57075 	 101.95
   373 	 1500 	   70 	 0.300 	 0.57370 	 101.10
   373 	 1500 	   70 	 0.300 	 0.57359 	 100.88
   373 	 1500 	   70 	 0.300 	 0.57250 	 101.44
   373 	 1500 	   70 	 0.300 	 0.57006 	 101.24
   373 	 1500 	   70 	 0.300 	 0.57037 	 102.68
   373 	 1500 	   70 	 0.300 	 0.57277 	 102.06
   373 	 1500 	   70 	 0.300 	 0.56890 	 101.68
   373 	 1500 	   70 	 0.300 	 0.56890 	 102.41
   758 	 3000 	    1 	 0.300 	 0.57332 	  21.21
   758 	 3000 	    1 	 0.300 	 0.57561 	  21.00
   758 	 3000 	    1 	 0.300 	 0.56791 	  20.92
   758 	 3000 	    1 	 0.300 	 0.57651 	  20.93
   758 	 3000 	    1 	 0.300 	 0.57285 	  20.93
   758 	 3000 	    1 	 0.300 	 0.56999 	  20.91
   758 	 3000 	    1 	 0.300 	 0.57747 	  20.86
   758 	 3000 	    1 	 0.300 	 0.57701 	  20.93
   758 	 3000 	    1 	 0.300 	 0.57121 	  20.96
   758 	 3000 	    1 	 0.300 	 0.57095 	  20.90
   758 	 3000 	    1 	 0.300 	 0.57482 	  20.77
   758 	 3000 	    1 	 0.300 	 0.57507 	  20.89
   758 	 3000 	    1 	 0.300 	 0.57360 	  20.96
   758 	 3000 	    1 	 0.300 	 0.57250 	  20.97
   758 	 3000 	    1 	 0.300 	 0.57248 	  21.23
   758 	 3000 	    1 	 0.300 	 0.57468 	  21.07
   758 	 3000 	    1 	 0.300 	 0.57655 	  21.03
   758 	 3000 	    1 	 0.300 	 0.57248 	  21.03
   758 	 3000 	    1 	 0.300 	 0.57380 	  21.08
   758 	 3000 	    1 	 0.300 	 0.57565 	  21.11
   758 	 3000 	    1 	 0.300 	 0.57399 	  21.45
   758 	 3000 	    1 	 0.300 	 0.57221 	  21.33
   758 	 3000 	    1 	 0.300 	 0.56990 	  21.31
   758 	 3000 	    1 	 0.300 	 0.57372 	  21.22
   758 	 3000 	    1 	 0.300 	 0.57171 	  24.98
   758 	 3000 	    1 	 0.300 	 0.57350 	  21.64
   758 	 3000 	    1 	 0.300 	 0.57193 	  21.87
   758 	 3000 	    1 	 0.300 	 0.57500 	  21.74
   758 	 3000 	    1 	 0.300 	 0.57614 	  21.69
   758 	 3000 	    1 	 0.300 	 0.57025 	  21.60
   758 	 3000 	    1 	 0.300 	 0.58840 	  19.64
   758 	 3000 	    1 	 0.300 	 0.59367 	  19.77
   758 	 3000 	    1 	 0.300 	 0.59369 	  20.39
   758 	 3000 	    1 	 0.300 	 0.59784 	  21.49
   758 	 3000 	    1 	 0.300 	 0.57529 	  20.45
   758 	 3000 	    1 	 0.300 	 0.59013 	  19.77
   758 	 3000 	    1 	 0.300 	 0.59725 	  19.38
   758 	 3000 	    1 	 0.300 	 0.59426 	  20.87
   758 	 3000 	    1 	 0.300 	 0.58912 	  19.38
   758 	 3000 	    1 	 0.300 	 0.58351 	  19.13
   758 	 3000 	    1 	 0.300 	 0.58504 	  70.05
   758 	 3000 	    2 	 0.300 	 0.58706 	  70.05
   758 	 3000 	    3 	 0.300 	 0.57499 	  70.05
   758 	 3000 	    1 	 0.300 	 0.59073 	  63.25
   758 	 3000 	    2 	 0.300 	 0.58893 	  63.25
   758 	 3000 	    3 	 0.300 	 0.57907 	  63.25
   758 	 3000 	    1 	 0.300 	 0.58417 	  64.14
   758 	 3000 	    2 	 0.300 	 0.58739 	  64.14
   758 	 3000 	    3 	 0.300 	 0.57617 	  64.14
   758 	 3000 	    1 	 0.300 	 0.58233 	  19.55
   758 	 3000 	    1 	 0.300 	 0.57640 	  19.93
   758 	 3000 	    1 	 0.300 	 0.57091 	  19.88
   758 	 3000 	    1 	 0.300 	 0.57446 	  20.35
   758 	 3000 	    1 	 0.300 	 0.57853 	  19.55
   758 	 3000 	    1 	 0.300 	 0.57312 	  19.90
   758 	 3000 	    1 	 0.300 	 0.57342 	  19.06
   758 	 3000 	    1 	 0.300 	 0.55781 	  20.51
   758 	 3000 	    1 	 0.300 	 0.56284 	  20.25
   373 	 1500 	   70 	 0.300 	 0.53303 	 119.16
   373 	 1500 	   70 	 0.300 	 0.53125 	 112.72
   373 	 1500 	   70 	 0.300 	 0.52983 	 111.80
   373 	 1500 	   70 	 0.300 	 0.53098 	 110.67
   373 	 1500 	   70 	 0.300 	 0.52709 	 111.16
   373 	 1500 	    1 	 0.300 	 0.45090 	 1175.31
   373 	 1500 	    6 	 0.300 	 0.48764 	 1175.31
   373 	 1500 	   11 	 0.300 	 0.49869 	 1175.31
   373 	 1500 	   16 	 0.300 	 0.51176 	 1175.31
   373 	 1500 	   21 	 0.300 	 0.51992 	 1175.31
   373 	 1500 	   26 	 0.300 	 0.52419 	 1175.31
   373 	 1500 	   31 	 0.300 	 0.52680 	 1175.31
   373 	 1500 	   36 	 0.300 	 0.52893 	 1175.31
   373 	 1500 	   41 	 0.300 	 0.53079 	 1175.31
   373 	 1500 	   46 	 0.300 	 0.53194 	 1175.31
   373 	 1500 	   51 	 0.300 	 0.53318 	 1175.31
   373 	 1500 	   56 	 0.300 	 0.53402 	 1175.31
   373 	 1500 	   61 	 0.300 	 0.53434 	 1175.31
   373 	 1500 	   66 	 0.300 	 0.53489 	 1175.31
   373 	 1500 	   71 	 0.300 	 0.53257 	 1175.31
   373 	 1500 	   76 	 0.300 	 0.52849 	 1175.31
   373 	 1500 	   81 	 0.300 	 0.52123 	 1175.31
   373 	 1500 	   86 	 0.300 	 0.51006 	 1175.31
   373 	 1500 	    1 	 0.300 	 0.44718 	 1121.35
   373 	 1500 	    6 	 0.300 	 0.48439 	 1121.35
   373 	 1500 	   11 	 0.300 	 0.49795 	 1121.35
   373 	 1500 	   16 	 0.300 	 0.50943 	 1121.35
   373 	 1500 	   21 	 0.300 	 0.51801 	 1121.35
   373 	 1500 	   26 	 0.300 	 0.52278 	 1121.35
   373 	 1500 	   31 	 0.300 	 0.52651 	 1121.35
   373 	 1500 	   36 	 0.300 	 0.52947 	 1121.35
   373 	 1500 	   41 	 0.300 	 0.53219 	 1121.35
   373 	 1500 	   46 	 0.300 	 0.53380 	 1121.35
   373 	 1500 	   51 	 0.300 	 0.53530 	 1121.35
   373 	 1500 	   56 	 0.300 	 0.53631 	 1121.35
   373 	 1500 	   61 	 0.300 	 0.53690 	 1121.35
   373 	 1500 	   66 	 0.300 	 0.53695 	 1121.35
   373 	 1500 	   71 	 0.300 	 0.53445 	 1121.35
   373 	 1500 	   76 	 0.300 	 0.53007 	 1121.35
   373 	 1500 	   81 	 0.300 	 0.52216 	 1121.35
   373 	 1500 	   86 	 0.300 	 0.51199 	 1121.35
373 	 1500 	   20 	 0.050 	 0.51564 	 1254.36
   373 	 1500 	   25 	 0.050 	 0.52283 	 1254.36
   373 	 1500 	   30 	 0.050 	 0.52838 	 1254.36
   373 	 1500 	   35 	 0.050 	 0.53232 	 1254.36
   373 	 1500 	   40 	 0.050 	 0.53580 	 1254.36
   373 	 1500 	   45 	 0.050 	 0.53812 	 1254.36
   373 	 1500 	   50 	 0.050 	 0.53972 	 1254.36
   373 	 1500 	   55 	 0.050 	 0.54231 	 1254.36
   373 	 1500 	   60 	 0.050 	 0.54176 	 1254.36
   373 	 1500 	   65 	 0.050 	 0.54198 	 1254.36
   373 	 1500 	   70 	 0.050 	 0.54161 	 1254.36
   373 	 1500 	   75 	 0.050 	 0.54206 	 1254.36
   373 	 1500 	   80 	 0.050 	 0.54254 	 1254.36
   373 	 1500 	   85 	 0.050 	 0.53831 	 1254.36
   373 	 1500 	   90 	 0.050 	 0.53575 	 1254.36
   373 	 1500 	   20 	 0.100 	 0.51760 	 1164.53
   373 	 1500 	   25 	 0.100 	 0.52379 	 1164.53
   373 	 1500 	   30 	 0.100 	 0.52827 	 1164.53
   373 	 1500 	   35 	 0.100 	 0.53165 	 1164.53
   373 	 1500 	   40 	 0.100 	 0.53559 	 1164.53
   373 	 1500 	   45 	 0.100 	 0.53902 	 1164.53
   373 	 1500 	   50 	 0.100 	 0.54124 	 1164.53
   373 	 1500 	   55 	 0.100 	 0.54236 	 1164.53
   373 	 1500 	   60 	 0.100 	 0.54316 	 1164.53
   373 	 1500 	   65 	 0.100 	 0.54340 	 1164.53
   373 	 1500 	   70 	 0.100 	 0.54394 	 1164.53
   373 	 1500 	   75 	 0.100 	 0.54437 	 1164.53
   373 	 1500 	   80 	 0.100 	 0.54348 	 1164.53
   373 	 1500 	   85 	 0.100 	 0.53897 	 1164.53
   373 	 1500 	   90 	 0.100 	 0.53775 	 1164.53
   373 	 1500 	   20 	 0.150 	 0.51838 	 1161.55
   373 	 1500 	   25 	 0.150 	 0.52495 	 1161.55
   373 	 1500 	   30 	 0.150 	 0.52911 	 1161.55
   373 	 1500 	   35 	 0.150 	 0.53293 	 1161.55
   373 	 1500 	   40 	 0.150 	 0.53668 	 1161.55
   373 	 1500 	   45 	 0.150 	 0.53853 	 1161.55
   373 	 1500 	   50 	 0.150 	 0.54099 	 1161.55
   373 	 1500 	   55 	 0.150 	 0.54266 	 1161.55
   373 	 1500 	   60 	 0.150 	 0.54400 	 1161.55
   373 	 1500 	   65 	 0.150 	 0.54542 	 1161.55
   373 	 1500 	   70 	 0.150 	 0.54639 	 1161.55
   373 	 1500 	   75 	 0.150 	 0.54558 	 1161.55
   373 	 1500 	   80 	 0.150 	 0.54458 	 1161.55
   373 	 1500 	   85 	 0.150 	 0.53993 	 1161.55
   373 	 1500 	   90 	 0.150 	 0.53549 	 1161.55
   373 	 1500 	   20 	 0.200 	 0.51799 	 1156.94
   373 	 1500 	   25 	 0.200 	 0.52397 	 1156.94
   373 	 1500 	   30 	 0.200 	 0.53022 	 1156.94
   373 	 1500 	   35 	 0.200 	 0.53431 	 1156.94
   373 	 1500 	   40 	 0.200 	 0.53745 	 1156.94
   373 	 1500 	   45 	 0.200 	 0.53958 	 1156.94
   373 	 1500 	   50 	 0.200 	 0.54244 	 1156.94
   373 	 1500 	   55 	 0.200 	 0.54495 	 1156.94
   373 	 1500 	   60 	 0.200 	 0.54657 	 1156.94
   373 	 1500 	   65 	 0.200 	 0.54770 	 1156.94
   373 	 1500 	   70 	 0.200 	 0.54856 	 1156.94
   373 	 1500 	   75 	 0.200 	 0.54818 	 1156.94
   373 	 1500 	   80 	 0.200 	 0.54652 	 1156.94
   373 	 1500 	   85 	 0.200 	 0.54572 	 1156.94
   373 	 1500 	   90 	 0.200 	 0.54232 	 1156.94
   373 	 1500 	   20 	 0.250 	 0.51716 	 1152.01
   373 	 1500 	   25 	 0.250 	 0.52180 	 1152.01
   373 	 1500 	   30 	 0.250 	 0.52666 	 1152.01
   373 	 1500 	   35 	 0.250 	 0.53160 	 1152.01
   373 	 1500 	   40 	 0.250 	 0.53588 	 1152.01
   373 	 1500 	   45 	 0.250 	 0.53919 	 1152.01
   373 	 1500 	   50 	 0.250 	 0.54140 	 1152.01
   373 	 1500 	   55 	 0.250 	 0.54320 	 1152.01
   373 	 1500 	   60 	 0.250 	 0.54456 	 1152.01
   373 	 1500 	   65 	 0.250 	 0.54637 	 1152.01
   373 	 1500 	   70 	 0.250 	 0.54762 	 1152.01
   373 	 1500 	   75 	 0.250 	 0.54864 	 1152.01
   373 	 1500 	   80 	 0.250 	 0.54760 	 1152.01
   373 	 1500 	   85 	 0.250 	 0.54385 	 1152.01
   373 	 1500 	   90 	 0.250 	 0.53981 	 1152.01
   373 	 1500 	   20 	 0.300 	 0.51456 	 1150.60
   373 	 1500 	   25 	 0.300 	 0.51948 	 1150.60
   373 	 1500 	   30 	 0.300 	 0.52467 	 1150.60
   373 	 1500 	   35 	 0.300 	 0.52995 	 1150.60
   373 	 1500 	   40 	 0.300 	 0.53477 	 1150.60
   373 	 1500 	   45 	 0.300 	 0.53777 	 1150.60
   373 	 1500 	   50 	 0.300 	 0.53942 	 1150.60
   373 	 1500 	   55 	 0.300 	 0.54257 	 1150.60
   373 	 1500 	   60 	 0.300 	 0.54455 	 1150.60
   373 	 1500 	   65 	 0.300 	 0.54482 	 1150.60
   373 	 1500 	   70 	 0.300 	 0.54549 	 1150.60
   373 	 1500 	   75 	 0.300 	 0.54464 	 1150.60
   373 	 1500 	   80 	 0.300 	 0.54214 	 1150.60
   373 	 1500 	   85 	 0.300 	 0.53845 	 1150.60
   373 	 1500 	   90 	 0.300 	 0.53763 	 1150.60
   373 	 1500 	   20 	 0.350 	 0.51534 	 1149.14
   373 	 1500 	   25 	 0.350 	 0.52104 	 1149.14
   373 	 1500 	   30 	 0.350 	 0.52573 	 1149.14
   373 	 1500 	   35 	 0.350 	 0.53059 	 1149.14
   373 	 1500 	   40 	 0.350 	 0.53479 	 1149.14
   373 	 1500 	   45 	 0.350 	 0.53830 	 1149.14
   373 	 1500 	   50 	 0.350 	 0.54238 	 1149.14
   373 	 1500 	   55 	 0.350 	 0.54548 	 1149.14
   373 	 1500 	   60 	 0.350 	 0.54661 	 1149.14
   373 	 1500 	   65 	 0.350 	 0.54653 	 1149.14
   373 	 1500 	   70 	 0.350 	 0.54700 	 1149.14
   373 	 1500 	   75 	 0.350 	 0.54655 	 1149.14
   373 	 1500 	   80 	 0.350 	 0.54662 	 1149.14
   373 	 1500 	   85 	 0.350 	 0.54331 	 1149.14
   373 	 1500 	   90 	 0.350 	 0.53997 	 1149.14
   373 	 1500 	   20 	 0.400 	 0.51314 	 1144.12
   373 	 1500 	   25 	 0.400 	 0.51896 	 1144.12
   373 	 1500 	   30 	 0.400 	 0.52416 	 1144.12
   373 	 1500 	   35 	 0.400 	 0.52862 	 1144.12
   373 	 1500 	   40 	 0.400 	 0.53273 	 1144.12
   373 	 1500 	   45 	 0.400 	 0.53579 	 1144.12
   373 	 1500 	   50 	 0.400 	 0.53939 	 1144.12
   373 	 1500 	   55 	 0.400 	 0.54153 	 1144.12
   373 	 1500 	   60 	 0.400 	 0.54290 	 1144.12
   373 	 1500 	   65 	 0.400 	 0.54375 	 1144.12
   373 	 1500 	   70 	 0.400 	 0.54296 	 1144.12
   373 	 1500 	   75 	 0.400 	 0.54227 	 1144.12
   373 	 1500 	   80 	 0.400 	 0.53913 	 1144.12
   373 	 1500 	   85 	 0.400 	 0.53529 	 1144.12
   373 	 1500 	   90 	 0.400 	 0.53007 	 1144.12
   373 	 1500 	   20 	 0.450 	 0.51246 	 1141.45
   373 	 1500 	   25 	 0.450 	 0.51878 	 1141.45
   373 	 1500 	   30 	 0.450 	 0.52472 	 1141.45
   373 	 1500 	   35 	 0.450 	 0.52955 	 1141.45
   373 	 1500 	   40 	 0.450 	 0.53427 	 1141.45
   373 	 1500 	   45 	 0.450 	 0.53708 	 1141.45
   373 	 1500 	   50 	 0.450 	 0.54027 	 1141.45
   373 	 1500 	   55 	 0.450 	 0.54359 	 1141.45
   373 	 1500 	   60 	 0.450 	 0.54411 	 1141.45
   373 	 1500 	   65 	 0.450 	 0.54504 	 1141.45
   373 	 1500 	   70 	 0.450 	 0.54511 	 1141.45
   373 	 1500 	   75 	 0.450 	 0.54246 	 1141.45
   373 	 1500 	   80 	 0.450 	 0.54300 	 1141.45
   373 	 1500 	   85 	 0.450 	 0.54234 	 1141.45
   373 	 1500 	   90 	 0.450 	 0.54497 	 1141.45
   373 	 1500 	   20 	 0.500 	 0.51269 	 25148.07
   373 	 1500 	   25 	 0.500 	 0.51806 	 25148.07
   373 	 1500 	   30 	 0.500 	 0.52274 	 25148.07
   373 	 1500 	   35 	 0.500 	 0.52760 	 25148.07
   373 	 1500 	   40 	 0.500 	 0.53234 	 25148.07
   373 	 1500 	   45 	 0.500 	 0.53596 	 25148.07
   373 	 1500 	   50 	 0.500 	 0.53984 	 25148.07
   373 	 1500 	   55 	 0.500 	 0.54146 	 25148.07
   373 	 1500 	   60 	 0.500 	 0.54306 	 25148.07
   373 	 1500 	   65 	 0.500 	 0.54317 	 25148.07
   373 	 1500 	   70 	 0.500 	 0.54304 	 25148.07
   373 	 1500 	   75 	 0.500 	 0.54285 	 25148.07
   373 	 1500 	   80 	 0.500 	 0.54185 	 25148.07
   373 	 1500 	   85 	 0.500 	 0.54055 	 25148.07
   373 	 1500 	   90 	 0.500 	 0.53901 	 25148.07
   373 	 1500 	   20 	 0.550 	 0.51327 	 1132.22
   373 	 1500 	   25 	 0.550 	 0.52040 	 1132.22
   373 	 1500 	   30 	 0.550 	 0.52669 	 1132.22
   373 	 1500 	   35 	 0.550 	 0.53150 	 1132.22
   373 	 1500 	   40 	 0.550 	 0.53601 	 1132.22
   373 	 1500 	   45 	 0.550 	 0.53876 	 1132.22
   373 	 1500 	   50 	 0.550 	 0.54178 	 1132.22
   373 	 1500 	   55 	 0.550 	 0.54410 	 1132.22
   373 	 1500 	   60 	 0.550 	 0.54516 	 1132.22
   373 	 1500 	   65 	 0.550 	 0.54648 	 1132.22
   373 	 1500 	   70 	 0.550 	 0.54671 	 1132.22
   373 	 1500 	   75 	 0.550 	 0.54482 	 1132.22
   373 	 1500 	   80 	 0.550 	 0.54597 	 1132.22
   373 	 1500 	   85 	 0.550 	 0.53958 	 1132.22
   373 	 1500 	   90 	 0.550 	 0.53992 	 1132.22
   373 	 1500 	   20 	 0.600 	 0.51397 	 1133.18
   373 	 1500 	   25 	 0.600 	 0.51996 	 1133.18
   373 	 1500 	   30 	 0.600 	 0.52503 	 1133.18
   373 	 1500 	   35 	 0.600 	 0.52984 	 1133.18
   373 	 1500 	   40 	 0.600 	 0.53390 	 1133.18
   373 	 1500 	   45 	 0.600 	 0.53729 	 1133.18
   373 	 1500 	   50 	 0.600 	 0.54063 	 1133.18
   373 	 1500 	   55 	 0.600 	 0.54310 	 1133.18
   373 	 1500 	   60 	 0.600 	 0.54391 	 1133.18
   373 	 1500 	   65 	 0.600 	 0.54613 	 1133.18
   373 	 1500 	   70 	 0.600 	 0.54633 	 1133.18
   373 	 1500 	   75 	 0.600 	 0.54584 	 1133.18
   373 	 1500 	   80 	 0.600 	 0.54517 	 1133.18
   373 	 1500 	   85 	 0.600 	 0.54250 	 1133.18
   373 	 1500 	   90 	 0.600 	 0.54153 	 1133.18
   373 	 1500 	   20 	 0.650 	 0.51333 	 1138.71
   373 	 1500 	   25 	 0.650 	 0.52027 	 1138.71
   373 	 1500 	   30 	 0.650 	 0.52532 	 1138.71
   373 	 1500 	   35 	 0.650 	 0.52978 	 1138.71
   373 	 1500 	   40 	 0.650 	 0.53386 	 1138.71
   373 	 1500 	   45 	 0.650 	 0.53792 	 1138.71
   373 	 1500 	   50 	 0.650 	 0.54070 	 1138.71
   373 	 1500 	   55 	 0.650 	 0.54297 	 1138.71
   373 	 1500 	   60 	 0.650 	 0.54499 	 1138.71
   373 	 1500 	   65 	 0.650 	 0.54652 	 1138.71
   373 	 1500 	   70 	 0.650 	 0.54601 	 1138.71
   373 	 1500 	   75 	 0.650 	 0.54574 	 1138.71
   373 	 1500 	   80 	 0.650 	 0.54445 	 1138.71
   373 	 1500 	   85 	 0.650 	 0.54059 	 1138.71
   373 	 1500 	   90 	 0.650 	 0.53837 	 1138.71
   373 	 1500 	   20 	 0.700 	 0.51430 	 1200.00
   373 	 1500 	   25 	 0.700 	 0.52063 	 1200.00
   373 	 1500 	   30 	 0.700 	 0.52618 	 1200.00
   373 	 1500 	   35 	 0.700 	 0.53085 	 1200.00
   373 	 1500 	   40 	 0.700 	 0.53514 	 1200.00
   373 	 1500 	   45 	 0.700 	 0.53832 	 1200.00
   373 	 1500 	   50 	 0.700 	 0.54219 	 1200.00
   373 	 1500 	   55 	 0.700 	 0.54436 	 1200.00
   373 	 1500 	   60 	 0.700 	 0.54681 	 1200.00
   373 	 1500 	   65 	 0.700 	 0.54778 	 1200.00
   373 	 1500 	   70 	 0.700 	 0.54855 	 1200.00
   373 	 1500 	   75 	 0.700 	 0.54745 	 1200.00
   373 	 1500 	   80 	 0.700 	 0.54563 	 1200.00
   373 	 1500 	   85 	 0.700 	 0.54125 	 1200.00
   373 	 1500 	   90 	 0.700 	 0.54257 	 1200.00
   373 	 1500 	   20 	 0.750 	 0.51360 	 1143.74
   373 	 1500 	   25 	 0.750 	 0.52049 	 1143.74
   373 	 1500 	   30 	 0.750 	 0.52583 	 1143.74
   373 	 1500 	   35 	 0.750 	 0.53131 	 1143.74
   373 	 1500 	   40 	 0.750 	 0.53579 	 1143.74
   373 	 1500 	   45 	 0.750 	 0.53880 	 1143.74
   373 	 1500 	   50 	 0.750 	 0.54167 	 1143.74
   373 	 1500 	   55 	 0.750 	 0.54372 	 1143.74
   373 	 1500 	   60 	 0.750 	 0.54622 	 1143.74
   373 	 1500 	   65 	 0.750 	 0.54704 	 1143.74
   373 	 1500 	   70 	 0.750 	 0.54699 	 1143.74
   373 	 1500 	   75 	 0.750 	 0.54685 	 1143.74
   373 	 1500 	   80 	 0.750 	 0.54602 	 1143.74
   373 	 1500 	   85 	 0.750 	 0.54243 	 1143.74
   373 	 1500 	   90 	 0.750 	 0.53983 	 1143.74
   373 	 1500 	   20 	 0.800 	 0.51366 	 1142.01
   373 	 1500 	   25 	 0.800 	 0.51953 	 1142.01
   373 	 1500 	   30 	 0.800 	 0.52537 	 1142.01
   373 	 1500 	   35 	 0.800 	 0.53078 	 1142.01
   373 	 1500 	   40 	 0.800 	 0.53511 	 1142.01
   373 	 1500 	   45 	 0.800 	 0.53944 	 1142.01
   373 	 1500 	   50 	 0.800 	 0.54268 	 1142.01
   373 	 1500 	   55 	 0.800 	 0.54529 	 1142.01
   373 	 1500 	   60 	 0.800 	 0.54623 	 1142.01
   373 	 1500 	   65 	 0.800 	 0.54681 	 1142.01
   373 	 1500 	   70 	 0.800 	 0.54741 	 1142.01
   373 	 1500 	   75 	 0.800 	 0.54613 	 1142.01
   373 	 1500 	   80 	 0.800 	 0.54341 	 1142.01
   373 	 1500 	   85 	 0.800 	 0.54101 	 1142.01
   373 	 1500 	   90 	 0.800 	 0.53915 	 1142.01
   373 	 1500 	   20 	 0.850 	 0.51383 	 1143.27
   373 	 1500 	   25 	 0.850 	 0.51934 	 1143.27
   373 	 1500 	   30 	 0.850 	 0.52617 	 1143.27
   373 	 1500 	   35 	 0.850 	 0.53140 	 1143.27
   373 	 1500 	   40 	 0.850 	 0.53570 	 1143.27
   373 	 1500 	   45 	 0.850 	 0.54001 	 1143.27
   373 	 1500 	   50 	 0.850 	 0.54209 	 1143.27
   373 	 1500 	   55 	 0.850 	 0.54543 	 1143.27
   373 	 1500 	   60 	 0.850 	 0.54699 	 1143.27
   373 	 1500 	   65 	 0.850 	 0.54863 	 1143.27
   373 	 1500 	   70 	 0.850 	 0.54904 	 1143.27
   373 	 1500 	   75 	 0.850 	 0.54936 	 1143.27
   373 	 1500 	   80 	 0.850 	 0.54687 	 1143.27
   373 	 1500 	   85 	 0.850 	 0.54392 	 1143.27
   373 	 1500 	   90 	 0.850 	 0.54319 	 1143.27
   373 	 1500 	   20 	 0.900 	 0.51209 	 1156.56
   373 	 1500 	   25 	 0.900 	 0.51792 	 1156.56
   373 	 1500 	   30 	 0.900 	 0.52399 	 1156.56
   373 	 1500 	   35 	 0.900 	 0.52951 	 1156.56
   373 	 1500 	   40 	 0.900 	 0.53424 	 1156.56
   373 	 1500 	   45 	 0.900 	 0.53805 	 1156.56
   373 	 1500 	   50 	 0.900 	 0.54077 	 1156.56
   373 	 1500 	   55 	 0.900 	 0.54298 	 1156.56
   373 	 1500 	   60 	 0.900 	 0.54488 	 1156.56
   373 	 1500 	   65 	 0.900 	 0.54546 	 1156.56
   373 	 1500 	   70 	 0.900 	 0.54530 	 1156.56
   373 	 1500 	   75 	 0.900 	 0.54442 	 1156.56
   373 	 1500 	   80 	 0.900 	 0.54133 	 1156.56
   373 	 1500 	   85 	 0.900 	 0.54030 	 1156.56
   373 	 1500 	   90 	 0.900 	 0.53335 	 1156.56
   373 	 1500 	   20 	 0.950 	 0.51195 	 1278.63
   373 	 1500 	   25 	 0.950 	 0.51824 	 1278.63
   373 	 1500 	   30 	 0.950 	 0.52376 	 1278.63
   373 	 1500 	   35 	 0.950 	 0.52980 	 1278.63
   373 	 1500 	   40 	 0.950 	 0.53446 	 1278.63
   373 	 1500 	   45 	 0.950 	 0.53802 	 1278.63
   373 	 1500 	   50 	 0.950 	 0.54075 	 1278.63
   373 	 1500 	   55 	 0.950 	 0.54299 	 1278.63
   373 	 1500 	   60 	 0.950 	 0.54511 	 1278.63
   373 	 1500 	   65 	 0.950 	 0.54506 	 1278.63
   373 	 1500 	   70 	 0.950 	 0.54512 	 1278.63
   373 	 1500 	   75 	 0.950 	 0.54319 	 1278.63
   373 	 1500 	   80 	 0.950 	 0.54081 	 1278.63
   373 	 1500 	   85 	 0.950 	 0.54058 	 1278.63
   373 	 1500 	   90 	 0.950 	 0.54335 	 1278.63
   373 	 1500 	   20 	 1.000 	 0.51225 	 1324.51
   373 	 1500 	   25 	 1.000 	 0.51765 	 1324.51
   373 	 1500 	   30 	 1.000 	 0.52330 	 1324.51
   373 	 1500 	   35 	 1.000 	 0.52797 	 1324.51
   373 	 1500 	   40 	 1.000 	 0.53274 	 1324.51
   373 	 1500 	   45 	 1.000 	 0.53711 	 1324.51
   373 	 1500 	   50 	 1.000 	 0.54014 	 1324.51
   373 	 1500 	   55 	 1.000 	 0.54164 	 1324.51
   373 	 1500 	   60 	 1.000 	 0.54295 	 1324.51
   373 	 1500 	   65 	 1.000 	 0.54301 	 1324.51
   373 	 1500 	   70 	 1.000 	 0.54207 	 1324.51
   373 	 1500 	   75 	 1.000 	 0.54235 	 1324.51
   373 	 1500 	   80 	 1.000 	 0.54133 	 1324.51
   373 	 1500 	   85 	 1.000 	 0.54067 	 1324.51
   373 	 1500 	   90 	 1.000 	 0.53876 	 1324.51