   758 	 3000 	    1 	 0.200 	 0.53557 	 147.87
   758 	 3000 	    3 	 0.200 	 0.53282 	 150.16
   758 	 3000 	    5 	 0.200 	 0.51714 	 152.48
   758 	 3000 	    7 	 0.200 	 0.51003 	 155.08
   758 	 3000 	    9 	 0.200 	 0.50650 	 157.28
   758 	 3000 	   11 	 0.200 	 0.50289 	 160.05
   758 	 3000 	   13 	 0.200 	 0.49939 	 162.30
   758 	 3000 	   15 	 0.200 	 0.49665 	 164.26
   758 	 3000 	   17 	 0.200 	 0.49422 	 166.84
   758 	 3000 	   19 	 0.200 	 0.49180 	 169.26
   758 	 3000 	    1 	 0.250 	 0.53645 	 145.60
   758 	 3000 	    3 	 0.250 	 0.53313 	 147.67
   758 	 3000 	    5 	 0.250 	 0.51977 	 149.75
   758 	 3000 	    7 	 0.250 	 0.51255 	 151.71
   758 	 3000 	    9 	 0.250 	 0.50453 	 154.22
   758 	 3000 	   11 	 0.250 	 0.50027 	 156.54
   758 	 3000 	   13 	 0.250 	 0.49881 	 159.09
   758 	 3000 	   15 	 0.250 	 0.49693 	 161.55
   758 	 3000 	   17 	 0.250 	 0.49458 	 163.77
   758 	 3000 	   19 	 0.250 	 0.49199 	 165.94
   758 	 3000 	    1 	 0.300 	 0.53551 	 149.26
   758 	 3000 	    3 	 0.300 	 0.52992 	 151.33
   758 	 3000 	    5 	 0.300 	 0.52308 	 153.59
   758 	 3000 	    7 	 0.300 	 0.51309 	 155.57
   758 	 3000 	    9 	 0.300 	 0.50747 	 157.73
   758 	 3000 	   11 	 0.300 	 0.50400 	 160.01
   758 	 3000 	   13 	 0.300 	 0.50043 	 162.02
   758 	 3000 	   15 	 0.300 	 0.49751 	 164.07
   758 	 3000 	   17 	 0.300 	 0.49491 	 166.08
   758 	 3000 	   19 	 0.300 	 0.49195 	 168.17
   758 	 3000 	    1 	 0.350 	 0.54829 	 146.15
   758 	 3000 	    3 	 0.350 	 0.53169 	 148.16
   758 	 3000 	    5 	 0.350 	 0.52000 	 150.23
   758 	 3000 	    7 	 0.350 	 0.51144 	 152.18
   758 	 3000 	    9 	 0.350 	 0.50569 	 154.45
   758 	 3000 	   11 	 0.350 	 0.50092 	 156.95
   758 	 3000 	   13 	 0.350 	 0.49862 	 159.22
   758 	 3000 	   15 	 0.350 	 0.49698 	 161.53
   758 	 3000 	   17 	 0.350 	 0.49454 	 163.85
   758 	 3000 	   19 	 0.350 	 0.49185 	 166.09
   758 	 3000 	    1 	 0.400 	 0.53398 	 149.41
   758 	 3000 	    3 	 0.400 	 0.52560 	 151.37
   758 	 3000 	    5 	 0.400 	 0.52160 	 153.54
   758 	 3000 	    7 	 0.400 	 0.51561 	 155.61
   758 	 3000 	    9 	 0.400 	 0.50779 	 157.70
   758 	 3000 	   11 	 0.400 	 0.50351 	 159.88
   758 	 3000 	   13 	 0.400 	 0.50028 	 161.94
   758 	 3000 	   15 	 0.400 	 0.49707 	 164.00
   758 	 3000 	   17 	 0.400 	 0.49371 	 166.04
   758 	 3000 	   19 	 0.400 	 0.49090 	 168.07
   758 	 3000 	    1 	 0.450 	 0.54902 	 146.88
   758 	 3000 	    3 	 0.450 	 0.53268 	 149.31
   758 	 3000 	    5 	 0.450 	 0.52595 	 151.46
   758 	 3000 	    7 	 0.450 	 0.51652 	 153.62
   758 	 3000 	    9 	 0.450 	 0.50770 	 155.74
   758 	 3000 	   11 	 0.450 	 0.50500 	 157.74
   758 	 3000 	   13 	 0.450 	 0.50277 	 159.80
   758 	 3000 	   15 	 0.450 	 0.49982 	 162.07
   758 	 3000 	   17 	 0.450 	 0.49595 	 164.37
   758 	 3000 	   19 	 0.450 	 0.49269 	 166.38
   758 	 3000 	    1 	 0.500 	 0.54165 	 146.68
   758 	 3000 	    3 	 0.500 	 0.52753 	 148.86
   758 	 3000 	    5 	 0.500 	 0.52129 	 151.13
   758 	 3000 	    7 	 0.500 	 0.52156 	 153.06
   758 	 3000 	    9 	 0.500 	 0.51142 	 155.43
   758 	 3000 	   11 	 0.500 	 0.50613 	 157.50
   758 	 3000 	   13 	 0.500 	 0.50034 	 159.59
   758 	 3000 	   15 	 0.500 	 0.49747 	 161.76
   758 	 3000 	   17 	 0.500 	 0.49440 	 164.08
   758 	 3000 	   19 	 0.500 	 0.49170 	 166.28
   373 	 1500 	    1 	 0.200 	 0.45086 	 255.96
   373 	 1500 	    6 	 0.200 	 0.47242 	 258.75
   373 	 1500 	   11 	 0.200 	 0.48116 	 260.98
   373 	 1500 	   16 	 0.200 	 0.48794 	 262.94
   373 	 1500 	   21 	 0.200 	 0.49319 	 265.28
   373 	 1500 	   26 	 0.200 	 0.49757 	 267.39
   373 	 1500 	   31 	 0.200 	 0.50057 	 269.48
   373 	 1500 	   36 	 0.200 	 0.50260 	 271.64
   373 	 1500 	   41 	 0.200 	 0.50431 	 273.76
   373 	 1500 	   46 	 0.200 	 0.50570 	 275.77
   373 	 1500 	   51 	 0.200 	 0.50696 	 277.68
   373 	 1500 	   56 	 0.200 	 0.50777 	 279.92
   373 	 1500 	   61 	 0.200 	 0.50863 	 282.02
   373 	 1500 	   66 	 0.200 	 0.50880 	 284.13
   373 	 1500 	   71 	 0.200 	 0.50921 	 286.04
   373 	 1500 	   76 	 0.200 	 0.50961 	 288.24
   373 	 1500 	   81 	 0.200 	 0.50982 	 290.35
   373 	 1500 	   86 	 0.200 	 0.50988 	 292.33
   373 	 1500 	    1 	 0.250 	 0.44735 	 246.73
   373 	 1500 	    6 	 0.250 	 0.46742 	 248.68
   373 	 1500 	   11 	 0.250 	 0.47743 	 250.63
   373 	 1500 	   16 	 0.250 	 0.48492 	 252.48
   373 	 1500 	   21 	 0.250 	 0.49140 	 254.90
   373 	 1500 	   26 	 0.250 	 0.49624 	 257.13
   373 	 1500 	   31 	 0.250 	 0.49965 	 259.89
   373 	 1500 	   36 	 0.250 	 0.50216 	 262.22
   373 	 1500 	   41 	 0.250 	 0.50398 	 264.59
   373 	 1500 	   46 	 0.250 	 0.50559 	 266.79
   373 	 1500 	   51 	 0.250 	 0.50714 	 269.32
   373 	 1500 	   56 	 0.250 	 0.50813 	 271.89
   373 	 1500 	   61 	 0.250 	 0.50860 	 274.39
   373 	 1500 	   66 	 0.250 	 0.50896 	 276.71
   373 	 1500 	   71 	 0.250 	 0.50925 	 278.79
   373 	 1500 	   76 	 0.250 	 0.50939 	 280.90
   373 	 1500 	   81 	 0.250 	 0.50960 	 283.05
   373 	 1500 	   86 	 0.250 	 0.50986 	 284.96
   373 	 1500 	    1 	 0.300 	 0.44474 	 238.73
   373 	 1500 	    6 	 0.300 	 0.47217 	 240.59
   373 	 1500 	   11 	 0.300 	 0.48233 	 242.81
   373 	 1500 	   16 	 0.300 	 0.48875 	 244.90
   373 	 1500 	   21 	 0.300 	 0.49406 	 246.93
   373 	 1500 	   26 	 0.300 	 0.49782 	 248.77
   373 	 1500 	   31 	 0.300 	 0.50089 	 250.98
   373 	 1500 	   36 	 0.300 	 0.50340 	 253.10
   373 	 1500 	   41 	 0.300 	 0.50523 	 255.07
   373 	 1500 	   46 	 0.300 	 0.50666 	 257.40
   373 	 1500 	   51 	 0.300 	 0.50792 	 259.36
   373 	 1500 	   56 	 0.300 	 0.50882 	 261.75
   373 	 1500 	   61 	 0.300 	 0.50943 	 264.33
   373 	 1500 	   66 	 0.300 	 0.50964 	 266.73
   373 	 1500 	   71 	 0.300 	 0.50967 	 268.69
   373 	 1500 	   76 	 0.300 	 0.51010 	 270.76
   373 	 1500 	   81 	 0.300 	 0.51022 	 272.72
   373 	 1500 	   86 	 0.300 	 0.51026 	 274.89
   373 	 1500 	    1 	 0.350 	 0.43855 	 245.08
   373 	 1500 	    6 	 0.350 	 0.46857 	 247.65
   373 	 1500 	   11 	 0.350 	 0.48004 	 250.05
   373 	 1500 	   16 	 0.350 	 0.48795 	 251.96
   373 	 1500 	   21 	 0.350 	 0.49283 	 253.81
   373 	 1500 	   26 	 0.350 	 0.49658 	 255.96
   373 	 1500 	   31 	 0.350 	 0.50008 	 258.16
   373 	 1500 	   36 	 0.350 	 0.50274 	 260.29
   373 	 1500 	   41 	 0.350 	 0.50431 	 262.61
   373 	 1500 	   46 	 0.350 	 0.50582 	 264.90
   373 	 1500 	   51 	 0.350 	 0.50733 	 267.14
   373 	 1500 	   56 	 0.350 	 0.50810 	 269.10
   373 	 1500 	   61 	 0.350 	 0.50882 	 271.40
   373 	 1500 	   66 	 0.350 	 0.50897 	 274.01
   373 	 1500 	   71 	 0.350 	 0.50912 	 276.24
   373 	 1500 	   76 	 0.350 	 0.50912 	 278.65
   373 	 1500 	   81 	 0.350 	 0.50913 	 280.95
   373 	 1500 	   86 	 0.350 	 0.50928 	 283.09
   373 	 1500 	    1 	 0.400 	 0.44195 	 252.40
   373 	 1500 	    6 	 0.400 	 0.46949 	 254.56
   373 	 1500 	   11 	 0.400 	 0.48092 	 256.74
   373 	 1500 	   16 	 0.400 	 0.48889 	 258.72
   373 	 1500 	   21 	 0.400 	 0.49430 	 260.75
   373 	 1500 	   26 	 0.400 	 0.49816 	 262.75
   373 	 1500 	   31 	 0.400 	 0.50120 	 264.71
   373 	 1500 	   36 	 0.400 	 0.50381 	 266.70
   373 	 1500 	   41 	 0.400 	 0.50540 	 268.75
   373 	 1500 	   46 	 0.400 	 0.50694 	 271.00
   373 	 1500 	   51 	 0.400 	 0.50793 	 273.00
   373 	 1500 	   56 	 0.400 	 0.50859 	 274.92
   373 	 1500 	   61 	 0.400 	 0.50904 	 277.11
   373 	 1500 	   66 	 0.400 	 0.50950 	 279.24
   373 	 1500 	   71 	 0.400 	 0.50990 	 281.29
   373 	 1500 	   76 	 0.400 	 0.51028 	 283.22
   373 	 1500 	   81 	 0.400 	 0.51038 	 285.45
   373 	 1500 	   86 	 0.400 	 0.51028 	 287.40
   373 	 1500 	    1 	 0.450 	 0.44630 	 254.61
   373 	 1500 	    6 	 0.450 	 0.47326 	 256.98
   373 	 1500 	   11 	 0.450 	 0.48292 	 259.81
   373 	 1500 	   16 	 0.450 	 0.48923 	 262.09
   373 	 1500 	   21 	 0.450 	 0.49485 	 264.03
   373 	 1500 	   26 	 0.450 	 0.49870 	 266.29
   373 	 1500 	   31 	 0.450 	 0.50169 	 268.39
   373 	 1500 	   36 	 0.450 	 0.50338 	 270.63
   373 	 1500 	   41 	 0.450 	 0.50503 	 272.86
   373 	 1500 	   46 	 0.450 	 0.50600 	 275.16
   373 	 1500 	   51 	 0.450 	 0.50721 	 277.21
   373 	 1500 	   56 	 0.450 	 0.50784 	 279.39
   373 	 1500 	   61 	 0.450 	 0.50842 	 281.61
   373 	 1500 	   66 	 0.450 	 0.50884 	 283.95
   373 	 1500 	   71 	 0.450 	 0.50893 	 286.03
   373 	 1500 	   76 	 0.450 	 0.50919 	 287.99
   373 	 1500 	   81 	 0.450 	 0.50940 	 290.08
   373 	 1500 	   86 	 0.450 	 0.50974 	 292.27
   373 	 1500 	    1 	 0.500 	 0.43626 	 240.61
   373 	 1500 	    6 	 0.500 	 0.46998 	 242.51
   373 	 1500 	   11 	 0.500 	 0.48114 	 244.73
   373 	 1500 	   16 	 0.500 	 0.48944 	 246.86
   373 	 1500 	   21 	 0.500 	 0.49434 	 248.79
   373 	 1500 	   26 	 0.500 	 0.49835 	 250.87
   373 	 1500 	   31 	 0.500 	 0.50132 	 253.00
   373 	 1500 	   36 	 0.500 	 0.50368 	 254.99
   373 	 1500 	   41 	 0.500 	 0.50570 	 257.06
   373 	 1500 	   46 	 0.500 	 0.50684 	 259.10
   373 	 1500 	   51 	 0.500 	 0.50799 	 261.38
   373 	 1500 	   56 	 0.500 	 0.50865 	 263.47
   373 	 1500 	   61 	 0.500 	 0.50914 	 265.75
   373 	 1500 	   66 	 0.500 	 0.50939 	 267.68
   373 	 1500 	   71 	 0.500 	 0.50971 	 269.73
   373 	 1500 	   76 	 0.500 	 0.51002 	 271.93
   373 	 1500 	   81 	 0.500 	 0.51001 	 273.81
   373 	 1500 	   86 	 0.500 	 0.51007 	 275.96
