   373 	 1500 	    1 	 0.200 	 0.46924 	 168.96
   373 	 1500 	    6 	 0.200 	 0.51247 	 170.95
   373 	 1500 	   11 	 0.200 	 0.51536 	 172.96
   373 	 1500 	   16 	 0.200 	 0.51709 	 174.90
   373 	 1500 	   21 	 0.200 	 0.51758 	 177.05
   373 	 1500 	   26 	 0.200 	 0.51766 	 179.33
   373 	 1500 	   31 	 0.200 	 0.51738 	 181.42
   373 	 1500 	   36 	 0.200 	 0.51718 	 183.48
   373 	 1500 	   41 	 0.200 	 0.51648 	 185.55
   373 	 1500 	   46 	 0.200 	 0.51585 	 187.47
   373 	 1500 	   51 	 0.200 	 0.51546 	 189.47
   373 	 1500 	   56 	 0.200 	 0.51489 	 191.67
   373 	 1500 	   61 	 0.200 	 0.51423 	 193.65
   373 	 1500 	   66 	 0.200 	 0.51381 	 195.85
   373 	 1500 	    1 	 0.200 	 0.47524 	 263.32
   373 	 1500 	    6 	 0.200 	 0.50612 	 265.32
   373 	 1500 	   11 	 0.200 	 0.51443 	 267.41
   373 	 1500 	   16 	 0.200 	 0.51587 	 269.34
   373 	 1500 	   21 	 0.200 	 0.51670 	 271.30
   373 	 1500 	   26 	 0.200 	 0.51758 	 273.47
   373 	 1500 	   31 	 0.200 	 0.51745 	 275.74
   373 	 1500 	   36 	 0.200 	 0.51704 	 277.76
   373 	 1500 	   41 	 0.200 	 0.51641 	 279.82
   373 	 1500 	   46 	 0.200 	 0.51577 	 281.80
   373 	 1500 	   51 	 0.200 	 0.51505 	 283.85
   373 	 1500 	   56 	 0.200 	 0.51437 	 285.87
   373 	 1500 	   61 	 0.200 	 0.51373 	 288.01
   373 	 1500 	   66 	 0.200 	 0.51310 	 290.18
   373 	 1500 	   71 	 0.200 	 0.51273 	 292.51
   373 	 1500 	   76 	 0.200 	 0.51213 	 294.49
   373 	 1500 	   81 	 0.200 	 0.51191 	 296.48
   373 	 1500 	   86 	 0.200 	 0.51191 	 298.46
   373 	 1500 	    1 	 0.250 	 0.46057 	 275.73
   373 	 1500 	    6 	 0.250 	 0.51410 	 278.15
   373 	 1500 	   11 	 0.250 	 0.51660 	 280.25
   373 	 1500 	   16 	 0.250 	 0.51708 	 282.35
   373 	 1500 	   21 	 0.250 	 0.51707 	 284.32
   373 	 1500 	   26 	 0.250 	 0.51697 	 286.44
   373 	 1500 	   31 	 0.250 	 0.51644 	 288.47
   373 	 1500 	   36 	 0.250 	 0.51600 	 290.54
   373 	 1500 	   41 	 0.250 	 0.51558 	 292.48
   373 	 1500 	   46 	 0.250 	 0.51510 	 294.59
   373 	 1500 	   51 	 0.250 	 0.51479 	 296.66
   373 	 1500 	   56 	 0.250 	 0.51366 	 298.69
   373 	 1500 	   61 	 0.250 	 0.51325 	 300.64
   373 	 1500 	   66 	 0.250 	 0.51259 	 302.65
   373 	 1500 	   71 	 0.250 	 0.51212 	 304.60
   373 	 1500 	   76 	 0.250 	 0.51188 	 306.77
   373 	 1500 	   81 	 0.250 	 0.51155 	 308.83
   373 	 1500 	   86 	 0.250 	 0.51125 	 310.93
   373 	 1500 	    1 	 0.300 	 0.46379 	 257.87
   373 	 1500 	    6 	 0.300 	 0.51373 	 259.91
   373 	 1500 	   11 	 0.300 	 0.51686 	 261.88
   373 	 1500 	   16 	 0.300 	 0.51674 	 263.88
   373 	 1500 	   21 	 0.300 	 0.51721 	 265.94
   373 	 1500 	   26 	 0.300 	 0.51752 	 267.93
   373 	 1500 	   31 	 0.300 	 0.51757 	 269.99
   373 	 1500 	   36 	 0.300 	 0.51719 	 272.00
   373 	 1500 	   41 	 0.300 	 0.51667 	 274.06
   373 	 1500 	   46 	 0.300 	 0.51613 	 275.94
   373 	 1500 	   51 	 0.300 	 0.51547 	 278.02
   373 	 1500 	   56 	 0.300 	 0.51501 	 279.99
   373 	 1500 	   61 	 0.300 	 0.51455 	 282.06
   373 	 1500 	   66 	 0.300 	 0.51429 	 283.96
   373 	 1500 	   71 	 0.300 	 0.51387 	 286.01
   373 	 1500 	   76 	 0.300 	 0.51333 	 287.95
   373 	 1500 	   81 	 0.300 	 0.51300 	 290.12
   373 	 1500 	   86 	 0.300 	 0.51266 	 292.12
   373 	 1500 	    1 	 0.350 	 0.46497 	 248.25
   373 	 1500 	    6 	 0.350 	 0.51107 	 250.18
   373 	 1500 	   11 	 0.350 	 0.51599 	 252.31
   373 	 1500 	   16 	 0.350 	 0.51801 	 254.30
   373 	 1500 	   21 	 0.350 	 0.51817 	 256.37
   373 	 1500 	   26 	 0.350 	 0.51748 	 258.32
   373 	 1500 	   31 	 0.350 	 0.51696 	 260.37
   373 	 1500 	   36 	 0.350 	 0.51616 	 262.32
   373 	 1500 	   41 	 0.350 	 0.51552 	 264.29
   373 	 1500 	   46 	 0.350 	 0.51499 	 266.22
   373 	 1500 	   51 	 0.350 	 0.51450 	 268.20
   373 	 1500 	   56 	 0.350 	 0.51396 	 270.15
   373 	 1500 	   61 	 0.350 	 0.51348 	 272.17
   373 	 1500 	   66 	 0.350 	 0.51312 	 274.10
   373 	 1500 	   71 	 0.350 	 0.51255 	 276.12
   373 	 1500 	   76 	 0.350 	 0.51217 	 278.08
   373 	 1500 	   81 	 0.350 	 0.51199 	 280.11
   373 	 1500 	   86 	 0.350 	 0.51182 	 282.03
   373 	 1500 	    1 	 0.400 	 0.46145 	 246.07
   373 	 1500 	    6 	 0.400 	 0.50642 	 248.00
   373 	 1500 	   11 	 0.400 	 0.51644 	 250.08
   373 	 1500 	   16 	 0.400 	 0.51791 	 252.04
   373 	 1500 	   21 	 0.400 	 0.51843 	 254.11
   373 	 1500 	   26 	 0.400 	 0.51771 	 256.12
   373 	 1500 	   31 	 0.400 	 0.51730 	 258.13
   373 	 1500 	   36 	 0.400 	 0.51697 	 260.10
   373 	 1500 	   41 	 0.400 	 0.51662 	 262.06
   373 	 1500 	   46 	 0.400 	 0.51590 	 264.04
   373 	 1500 	   51 	 0.400 	 0.51532 	 266.10
   373 	 1500 	   56 	 0.400 	 0.51494 	 268.08
   373 	 1500 	   61 	 0.400 	 0.51437 	 270.04
   373 	 1500 	   66 	 0.400 	 0.51376 	 272.00
   373 	 1500 	   71 	 0.400 	 0.51311 	 274.09
   373 	 1500 	   76 	 0.400 	 0.51279 	 276.04
   373 	 1500 	   81 	 0.400 	 0.51257 	 278.16
   373 	 1500 	   86 	 0.400 	 0.51230 	 280.17
   373 	 1500 	    1 	 0.450 	 0.45931 	 245.01
   373 	 1500 	    6 	 0.450 	 0.50327 	 246.96
   373 	 1500 	   11 	 0.450 	 0.51487 	 249.05
   373 	 1500 	   16 	 0.450 	 0.51716 	 251.02
   373 	 1500 	   21 	 0.450 	 0.51863 	 252.98
   373 	 1500 	   26 	 0.450 	 0.51805 	 254.83
   373 	 1500 	   31 	 0.450 	 0.51757 	 256.84
   373 	 1500 	   36 	 0.450 	 0.51705 	 258.80
   373 	 1500 	   41 	 0.450 	 0.51673 	 260.88
   373 	 1500 	   46 	 0.450 	 0.51636 	 262.76
   373 	 1500 	   51 	 0.450 	 0.51565 	 264.78
   373 	 1500 	   56 	 0.450 	 0.51519 	 266.74
   373 	 1500 	   61 	 0.450 	 0.51472 	 268.77
   373 	 1500 	   66 	 0.450 	 0.51435 	 270.73
   373 	 1500 	   71 	 0.450 	 0.51372 	 272.78
   373 	 1500 	   76 	 0.450 	 0.51336 	 274.64
   373 	 1500 	   81 	 0.450 	 0.51285 	 276.59
   373 	 1500 	   86 	 0.450 	 0.51252 	 278.56
   373 	 1500 	    1 	 0.500 	 0.46007 	 246.83
   373 	 1500 	    6 	 0.500 	 0.50446 	 248.75
   373 	 1500 	   11 	 0.500 	 0.51292 	 250.79
   373 	 1500 	   16 	 0.500 	 0.51593 	 252.75
   373 	 1500 	   21 	 0.500 	 0.51762 	 254.75
   373 	 1500 	   26 	 0.500 	 0.51855 	 256.65
   373 	 1500 	   31 	 0.500 	 0.51783 	 258.68
   373 	 1500 	   36 	 0.500 	 0.51742 	 260.63
   373 	 1500 	   41 	 0.500 	 0.51686 	 262.88
   373 	 1500 	   46 	 0.500 	 0.51656 	 265.04
   373 	 1500 	   51 	 0.500 	 0.51598 	 267.37
   373 	 1500 	   56 	 0.500 	 0.51533 	 269.32
   373 	 1500 	   61 	 0.500 	 0.51511 	 271.30
   373 	 1500 	   66 	 0.500 	 0.51455 	 273.28
   373 	 1500 	   71 	 0.500 	 0.51409 	 275.27
   373 	 1500 	   76 	 0.500 	 0.51356 	 277.18
   373 	 1500 	   81 	 0.500 	 0.51299 	 279.24
   373 	 1500 	   86 	 0.500 	 0.51286 	 281.18
