0.46367
9.9705
15.514
16.732
7.188
4.7294
8.2409
4.3163
22.272
14.976
5.2815
13.464
7.7407
4.9307
0
12.848
9.4049
19.781
21.431
14.198
16.482
28.6
9.226
23.303
21.721
27.164
15.118
2.6828
18.565
0.21921
26.955
17.253
30.844
11.674
20.578
0.71753
20.917
13.229
20.439
10.816
5.1457
22.012
13.977
29.365
25.122
7.9974
14.707
24.6
26.505
14.495
8.9989
4.4854
13.623
28.886
30.093
3.0835
17.601
6.5944
9.6844
12.441
0.87818
27.525
13.072
1.669
24.736
22.609
20.153
10.254
23.526
6.0633
2.1995
12.661
32.208
28.16
16.006
19.555
22.919
12.127
26.01
17.018
8.7536
18.012
3.8977
8.5008
23.994
5.548
31.539
5.7505
6.9851
29.69
3.5639
21.178
53.38
57.576
57.876
38.197
58.992
40.778
60.636
56.646
60.096
55.135
68.318
79.056
75.738
59.491
49.985
51.253
54.235
42.163
51.916
49.452
35.551
42.484
48.152
57.028
43.66
41.489
45.48
41.882
36.696
55.75
39.652
34.935
50.969
76.089
36.209
43.063
56.287
48.735
37.231
63.864
63.589
72.033
86.817
79.401
71.442
64.217
79.834
80.332
70.764
58.587
77.121
46.96
77.911
70.002
50.235
88.31
78.271
85.629
76.545
52.964
68.524
91.975
52.668
64.7
67.445
70.4
64.945
38.592
69.616
61.456
69.135
52.222
74.88
44.473
89.96
66.732
37.845
67.847
83.011
90.127
62.299
41.258
75.37
50.427
62.814
46.281
72.868
86.091
87.312
84.601
77.567
70.983
87.789
81.267
65.977
76.811
67.08
81.472
85.118
63.262
80.728
82.381
122.77
102.44
93.974
109.68
115.72
99.059
118.54
107.27
83.753
129.77
110.06
121.06
104.44
127.92
90.835
124.61
111.26
124.97
119.8
108.55
125.22
106.92
125.79
126.1
92.805
104.01
99.574
110.46
100.22
112.1
123.44
102.7
105.14
100.8
112.88
120.52
95.017
128.34
101.39
110.98
129.02
114.25
103.51
126.53
116.09
95.754
117.85
113.61
111.65
108.05
93.565
106.07
114.93
116.56
96.619
102
126.99
122.22
117.39
97.556
121.87
121.49
103.13
106.42
118.14
104.8
207.37
161.72
166.55
170.49
164.18
190.21
177.02
209.68
139.12
135.41
142.8
152.02
180.38
155.59
149.73
178.34
215.4
177.3
140.13
169.54
363.6
149.93
187.24
210.49
162.05
140.83
134.8
136.33
174.12
168.72
150.74
139.55
154.47
158.81
159.63
158.33
216.18
168.41
156.99
149.45
135.87
136.79
191.87
152.59
160.54
162.55
160.93
356.32
169.08
132.16
157.69
133.77
176.27
133.03
177.59
178.93
202.28
188.38
179.32
204.21
164.82
191.64
192.81
175.62
178.03
191.24
198.35
148.45
173.63
184.82
148.18
171.31
200.52
214.29
196.22
141.93
189.83
162.27
131.24
196.49
137.9
162.8
142.33
178.58
183.87
138.5
175.03
195.47
204.72
133.28
198.63
196.83
160.16
212.27
132.75
260.3
197.05
163.09
145.76
175.17
187.04
149.18
179.91
189.15
146.28
163.48
202.88
207.03
159.84
193.42
361.81
199.81
195.23
153.19
197.82
201.92
146.99
187.95
184.39
194.53
182.66
145.27
195.63
186.05
205.8
194.93
165.35
164.51
161.41
187.48
155.32
174.64
190.9
214.66
185.82
187.7
205.07
207.79
183.48
186.74
195.96
198.14
182.99
206.12
176.63
213.88
205.43
159.18
208.16
146.63
143.11
180.17
197.47
185.18
185.54
182.08
192.46
200.14
147.9
190.58
199.54
183.25
167.45
203.4
364.39
144.34
147.55
227.13
193.17
202.49
184.59
186.32
350.71
272.59
255.66
233.89
256.14
249.37
268.52
249.54
213.5
278.96
258.5
282.31
215.74
270.7
274.37
335.08
232.58
284.57
269.48
317.99
310.94
238.01
304.31
223.6
225.48
286.38
264.18
288.38
264.38
259.73
254.28
273.33
233.55
222.96
221.3
222.04
282.04
290.64
280.25
229.82
250.53
259.16
269.76
289.46
166.1
230.51
278.41
271.18
277.08
220.96
290.24
268.07
264.52
309.84
291.18
284.86
250.39
293.09
249.85
304.49
304.05
286.76
248.7
274.62
276.62
216.84
275.11
250.13
226
247.72
258.15
272.17
336.58
338.56
288.87
165
252.35
274.07
219.76
251.19
283.63
305.58
305.84
226.43
275.46
256.4
211.12
265.68
245.4
346.54
211.84
168.2
219.04
225.01
272.83
265.95
222.7
231.05
342.05
281.51
220.62
266.34
261.77
257.22
255.24
255.93
200.94
292.08
288.62
231.9
231.26
265.35
257.83
151.18
289.94
247.33
289.13
261.22
248.42
220.2
199.17
213.14
250.82
223.18
257.38
262.28
221.63
224.49
210.2
151.6
267.73
265.13
269.12
261.42
256.92
271.44
295.17
284.15
304.72
299.9
299.61
341.15
324.61
326.49
312.94
217.7
299.21
313.82
298.88
301.84
307.15
285.95
358.6
307.77
346.98
298.56
241.81
311.95
323
294.58
340.15
339.11
233.14
340.76
293.01
251.71
315.82
301.03
351.28
208.81
300.63
308.59
280.81
303.76
360.71
321.81
240.74
234.25
309.37
241.52
239.09
248.06
279.52
313.36
236.28
348.76
298.17
347.76
326.89
349.23
342.51
244.29
306.6
337.77
246.33
300.33
209.27
217.56
239.53
315.16
219.38
322.77
295.52
308.13
339.63
325.09
315.4
326.02
295.97
353.75
312.57
316.64
338.05
228.32
309.01
297.95
317.06
301.41
237.57
281.27
277.46
235.92
288.01
303.55
270.45
270.95
322.21
264.82
292.32
362.47
287.51
268.81
153.55
258.8
229.27
278.6
276
230.82
241.99
228.64
270.22
317.42
273.67
242.39
255.08
221.8
231.47
276.38
252.04
297.69
351.87
325.53
245.81
292.67
244.82
296.63
342.87
262.66
249.12
274.92
331.85
240.09
341.42
212.82
306.23
279.25
297.01
334.73
352.49
327.85
344.91
323.22
318.61
331.35
320.86
345.34
353.46
222.42
170.04
343.82
344.34
242.91
329.37
320.31
327.38
323.51
330.41
153.92
335.44
361.35
350.12
333.4
355.17
337.14
310.25
357.45
332.28
290.92
316.07
332.81
343.36
346.1
327.16
318.99
334.41
230.14
319.79
263.04
291.72
310.61
314.73
328.35
354.08
243.72
320.69
229.51
328.74
354.71
321.11
293.44
236.94
282.72
321.58
355.64
329.05
292.48
