0.77121
0.78885
0.9225
0.96691
0.85256
0.3848
0.62534
0.20403
0.78371
0.78093
0.69767
0.82462
0.23248
0.8737
0.53964
0.11662
0.48693
0.82343
0.90224
0.99374
0.88287
0.88849
0.42665
0.63815
0.026843
0.77183
0.13
0.73878
0.95924
0.2971
0.73919
0.36691
0.10976
0.47707
0.66131
0.39234
0.50353
0.22321
0.6515
0.93289
0.9858
0.31373
0.93707
0.19641
0.045575
0.58728
0.54671
0.88931
0.040653
0.26413
0.33492
0.15282
0.74948
0.98587
0.9067
0.3709
0.036273
0.029936
0.45986
0.53775
0.69954
0.50581
0.69509
0.73436
0.61234
0.082346
0.85442
0.81789
0.73121
0.56157
0.27466
0.8153
0.14227
0.88048
0.47331
0.10943
0.056282
0.012679
0.1168
0.15419
0.50649
0.55297
0.99941
0.34002
0.96063
0.35365
0.23714
0.5039
0.0050329
0.98917
0.60415
0.18224
0.36544
0.4363
0.80777
0.75761
0.30237
0.99626
0.026767
0.083584
0.22311
0.013731
0.86991
0.47585
0.50128
0.080283
0.73033
0.93636
0.43593
0.89471
0.87312
0.11381
0.60791
0.50541
0.76893
0.95297
0.45529
0.071531
0.70719
0.87238
0.64803
0.89706
0.27739
0.17542
0.41424
0.8291
0.3132
0.26548
0.97586
0.51211
0.96995
0.22326
0.66385
0.40648
0.52586
0.84278
0.56813
0.073374
0.10211
0.40967
0.9205
0.34409
0.30321
0.90074
0.85204
0.46722
0.24695
0.2572
0.22482
0.29433
0.29365
0.21318
0.005489
0.87816
0.31423
0.12856
0.81871
0.23074
0.95555
0.65659
0.1408
0.38161
0.889
0.068274
0.84888
0.43525
0.16566
0.18808
0.69162
0.084076
0.86314
0.46578
0.2357
0.78617
0.18336
0.57664
0.15315
0.33897
0.89038
0.39914
0.80793
0.30574
0.25038
0.97204
0.20131
0.71283
0.86934
0.52262
0.48286
0.18428
0.81487
0.95127
0.92079
0.18719
0.39907
0.71953
0.0056026
0.45708
0.028931
0.24423
0.99888
0.96866
0.6438
0.76069
0.30736
0.084997
0.29214
0.61984
0.60385
0.86807
0.93973
0.95627
0.52879
0.45903
0.21246
0.11392
0.20844
0.98702
0.049117
0.059054
0.4866
0.1661
0.68949
0.2152
0.16853
0.2798
0.0253
0.55632
0.703
0.43514
0.58431
0.44692
0.44499
0.98357
0.99398
0.96108
0.76724
0.23767
0.53115
0.80463
0.35499
0.73329
0.22482
0.38588
0.83818
0.072911
0.79345
0.87961
0.50774
0.12028
0.8232
0.30033
0.0079322
0.090843
0.11316
0.87768
0.91111
0.96121
0.19795
0.64765
0.4066
0.20199
0.033759
0.18484
0.11567
0.15971
0.15292
0.65086
0.37106
0.8196
0.86562
0.69747
0.94674
0.62708
0.11179
0.4484
0.042363
0.086432
0.61912
0.6361
0.077487
0.065184
0.90844
0.88462
0.82415
0.53726
0.81975
0.49859
0.64731
0.10596
0.43924
0.61939
0.087715
0.33638
0.37682
0.66906
0.92438
0.78865
0.084549
0.88412
0.0062471
0.79116
0.57044
0.060943
0.50786
0.80261
0.60739
0.7529
0.57023
0.079358
0.65126
0.6702
0.087848
0.26424
0.92816
0.97801
0.5046
0.882
0.17035
0.28923
0.52801
0.065872
0.19308
0.62104
0.45128
0.0070316
0.51438
0.040655
0.43566
0.46192
0.86806
0.61844
0.58243
0.25596
0.84216
0.44938
0.47334
0.30173
0.3138
0.97145
0.32083
0.86226
0.55674
0.84201
0.53118
0.080484
0.76213
0.44891
0.57142
0.89842
0.60628
0.86846
0.92045
0.27872
0.10756
0.58183
0.16634
0.58852
0.97111
0.63853
0.45391
0.15699
0.19515
0.74126
0.61608
0.13633
0.674
0.54467
0.19789
0.27165
0.577
0.17245
0.9382
0.057462
0.076421
0.57135
0.3968
0.63948
0.78695
0.55216
0.32062
0.26428
0.7508
0.4132
0.63553
0.019712
0.69991
0.51772
0.06127
0.22468
0.39346
0.95739
0.78337
0.79822
0.35065
0.00090703
0.7236
0.30628
0.72287
0.094681
0.67932
0.15494
0.50078
0.010053
0.29859
0.64849
0.49991
0.22139
0.94992
0.38093
0.27645
0.68798
0.9142
0.23758
0.97392
0.77122
0.88691
0.9013
0.67312
0.16694
0.46869
0.60107
0.13527
0.64639
0.64017
0.78326
0.24854
0.89473
0.068319
0.98521
0.13757
0.17616
0.81999
0.7394
0.63102
0.59817
0.62587
0.25415
0.65497
0.39793
0.54199
0.20678
0.3255
0.4386
0.35973
0.097148
0.33339
0.63256
0.47966
0.13546
0.44756
0.61357
0.0011234
0.74686
0.19924
0.061594
0.44196
0.74598
0.75799
0.29197
0.15675
0.45663
0.40794
0.46941
0.60911
0.83045
0.79058
0.78526
0.74548
0.80219
0.16232
0.81508
0.024686
0.68881
0.27789
0.2372
0.2861
0.71216
0.50662
0.81084
0.32431
0.21471
0.022529
0.75062
0.20371
0.71942
0.62036
0.092114
0.41686
0.39434
0.72981
0.67148
0.49301
0.94168
0.50662
0.74705
0.46836
0.90232
0.38195
0.74361
0.80264
0.62844
0.058528
0.055725
0.61558
0.14504
0.35642
0.76403
0.030046
0.33598
0.60322
0.095553
0.98807
0.9962
0.45637
0.14879
0.24082
0.029446
0.12438
0.62482
0.89559
0.84322
0.90857
0.45147
0.92416
0.5194
0.67052
0.25543
0.84901
0.60822
0.86833
0.49255
0.98032
0.29435
0.43204
0.29892
0.54739
0.90284
0.77186
0.9596
0.202
0.026744
0.52521
0.050318
0.32073
0.99466
0.76899
0.47204
0.61778
0.66053
0.90622
0.7753
0.64627
0.48539
0.44454
0.53479
0.0014197
0.028569
0.38426
0.14866
0.69658
0.81351
0.90545
0.88074
0.7262
0.61568
0.4799
0.73389
0.017269
0.02247
0.12657
0.48472
0.24398
0.43534
0.28664
0.34247
0.27143
0.99021
0.10711
0.10591
0.24503
0.38065
0.86774
0.058183
0.47139
0.84712
0.23383
0.5618
0.79254
0.79141
0.54385
0.20401
0.40115
0.36323
0.11944
0.14643
0.62612
0.96062
0.4038
0.60933
0.74005
0.94564
0.22015
0.79746
0.2913
0.28227
0.95965
0.14707
0.29997
0.44969
0.2017
0.049172
0.58183
0.3879
0.38725
0.82711
0.28705
0.13339
0.44385
0.28337
0.62213
0.33171
0.61546
0.42362
0.1226
0.9387
0.62648
0.2839
0.6169
0.68686
0.29849
0.26734
0.17022
0.19384
0.58038
0.91721
0.88727
0.10996
0.55725
0.66823
0.703
0.50232
0.35624
0.23596
0.99063
0.58925
0.82884
0.71246
0.97249
0.5317
0.47271
0.0048357
0.26483
0.08865
0.29717
0.032521
0.6938
0.30992
0.02928
0.8355
0.18697
0.76211
0.71338
0.33119
0.50811
0.11763
0.74601
0.61058
0.84459
0.99216
0.48659
0.35441
0.91606
0.56625
0.17943
0.8514
0.013808
0.46623
0.51573
0.14194
0.17348
0.053081
0.0037775
0.74874
0.83362
0.83944
0.75837
0.49331
0.64918
0.040872
0.12776
0.38197
0.95586
0.029451
0.50724
0.93961
0.99154
0.40998
0.93072
0.39199
0.11517
0.79487
0.89385
0.4163
0.47919
0.055529
0.34472
0.41873
0.19988
0.60709
0.23207
0.65092
0.54973
0.2546
0.6643
0.52386
0.47571
0.53153
0.3517
0.67178
0.1307
0.32747
0.35739
0.95957
0.1801
0.94195
0.84367
0.035356
0.31592
0.22453
0.96945
0.77285
0.2137
0.59936
0.89546
0.82987
0.49515
0.34553
0.89678
0.2061
0.27881
0.49341
0.40705
0.24351
0.29349
0.09732
0.69702
0.4101
0.58783
0.86674
0.020847
0.48492
0.066906
0.80231
0.40883
0.60979
0.17376
0.079136
0.091805
0.94898
0.19432
0.18327
0.45951
0.89105
0.77974
0.95459
0.12166
0.00074004
0.4155
0.79239
0.21023
0.17382
0.99226
0.43113
0.015435
0.36203
0.34794
0.21838
0.61356
0.73846
0.62647
0.74357
0.39725
0.42122
0.98587
0.036315
0.88622
0.76988
0.1293
0.4255
0.25037
0.51341
0.35957
0.93916
0.20422
0.20064
0.24538
0.58422
0.80628
0.97538
0.010466
0.087207
0.06649
0.16778
0.20623
0.25799
0.32292
0.45675
0.85724
0.28031
0.59447
0.059564
0.26536
0.71367
0.92506
0.7558
0.70288
0.37131
0.65883
0.17792
0.23722
0.39498
0.48675
0.15116
0.24006
0.40859
0.031697
0.68218
0.22542
0.87864
0.31136
0.78984
0.93203
0.092026
0.059242
0.022458
0.91
0.41622
0.7654
0.33452
0.52238
0.72356
0.40013
0.7002
0.12733
0.86319
0.34511
0.19911
0.38569
0.72478
0.79094
0.4858
0.2056
0.37271
0.3997
0.69612
0.19128
0.29275
0.80441
0.58531
0.85919
0.33134
0.52694
0.80082
0.84495
0.31496
0.46061
0.46794
0.28429
0.28475
0.3272
0.42332
0.72484
0.55436
0.16101
0.74287
0.64334
0.32837
0.40065
0.69453
0.58008
0.94449
0.45579
0.67017
0.37036
0.06812
0.98945
0.42423
0.23987
0.62888
0.14807
0.91114
0.52676
0.80581
0.82828
0.84106
0.23457
0.916
0.56092
0.86797
0.64564
0.57933
0.10985
0.51415
0.42013
0.45715
0.7582
0.71531
0.3431
0.76871
0.68631
0.92812
0.26357
0.071667
0.56459
0.17652
0.95199
0.49848
0.76118
0.21713
0.047595
0.43313
0.7786
0.053366
0.60506
0.72739
0.16967
0.2116
0.47027
0.42561
0.24095
0.2183
0.14654
0.9855
0.070411
0.10399
0.69388
0.98943
0.76695
0.83065
0.10339
0.36471
0.95938
0.011311
0.68076
0.96995
0.8422
0.14334
0.43382
0.49993
0.41216
0.20404
0.65311
0.66616
0.81404
0.52712
0.69488
0.21883
0.43249
0.38648
0.56136
0.78655
0.19879
0.56257
0.34639
0.12817
0.70997
0.64299
0.32473
0.28674
0.075918
0.55604
0.77967
0.29895
0.64988
0.12639
0.33149
0.54938
0.57138
0.24321
0.62996
0.19664
0.4546
0.30698
0.86168
0.63384
0.2002
0.88432
0.81908
0.36905
0.40575
0.38154
0.38204
0.74458
0.8963
0.27315
0.55397
0.21608
0.42257
0.3885
