26.292
25.22
26.348
58.284
19.777
29.19
16.98
28.191
24.782
19.232
23.6
24.882
27.418
29.303
19.348
25.056
31.493
31.209
21.293
29.017
26.688
1.6748
29.767
12.891
12.228
20.568
26.584
23.428
25.371
19.646
30.636
30.223
29.027
27.303
14.249
23.781
24
30.574
41.281
17.951
30.704
42.879
32.145
6.0552
2.1979
24.923
26.116
2.8316
26.803
16.623
25.554
30.508
26.496
23.367
29.259
1.3453
30.151
21.088
38.825
32.359
25.98
1.8803
24.558
20.249
33.085
24.303
14.062
17.75
5.8263
41.76
27.156
17.584
30.331
13.183
24.365
30.348
25.159
29.787
18.083
19.531
32.895
11.847
0.19013
0.99494
5.6228
8.526
4.4706
3.2568
6.2193
6.8002
3.0148
4.0528
5.1334
6.1451
12.542
4.8165
0.66267
6.0311
11.253
12.266
3.3486
0.49297
7.403
4.7042
7.998
6.6781
5.0032
4.5471
2.0845
8.1514
10.832
4.3009
2.2665
6.5101
7.2699
3.1777
12.126
10.556
5.0173
7.2191
4.6263
4.4179
0.088815
3.7947
16.134
2.7625
0
7.1964
4.164
0.31902
11.592
9.578
7.4633
12.335
7.1099
4.651
12.639
5.9621
9.3514
3.2617
3.8395
1.7838
7.6562
2.0371
6.9344
3.7461
8.4051
9.4638
7.8173
4.8687
7.8846
3.9619
9.7015
35.351
21.853
36.22
34.646
38.888
49.641
20.691
45.985
35.164
34.202
32.277
34.944
34.704
21.115
46.983
35.598
18.053
20.896
37.938
37.8
15.569
14.439
14.869
36.571
35.757
46.593
36.35
35.26
33.272
38.062
39.858
20.342
18.453
38.13
34.907
21.719
18.395
15.73
49.565
16.425
29.086
15.38
36.648
31.023
15.5
38.475
13.428
35.315
35.482
29.385
46.716
33.624
30.884
15.301
30.758
40.1
6.5479
49.974
60.492
45.828
37.534
51.886
38.593
14.664
50.154
45.107
49.848
27.762
45.633
24.713
43.842
25.026
27.142
62.891
29.465
52.123
24.027
32.607
39.515
23.738
56.187
51.712
63.253
48.831
55.51
55.605
49.409
28.073
52.694
39.368
52.66
31.276
26.075
52.516
26.168
46.097
23.943
38.547
27.04
32.102
48.379
48.059
60.636
60.19
52.306
27.224
53.118
27.569
52.926
20.143
24.471
40.129
32.96
42.626
24.947
44.837
26.915
55.323
34.057
43.904
57.427
55.733
45.236
19.708
39.883
53.786
53.549
48.252
52.074
38.326
59.822
50.425
61.634
48.768
46.837
34.346
60.294
27.637
43.526
39.305
34.45
55.164
33.763
44.38
20.034
36.446
29.532
62.171
47.987
48.957
55.868
40
63.895
23.341
42.514
29.134
60.872
23.537
53.336
32.508
44.265
27.195
55.448
39.065
43.943
26.74
63.407
47.818
62.669
47.144
15.103
48.678
49.189
35.036
39.656
24.59
63.476
27.326
55.109
24.276
43.344
29.152
51.626
27.921
44.298
42.092
37.331
37.25
52.781
59.704
52.006
46.265
43.672
56.042
37.721
42.236
44.921
56.628
63.158
44.658
47.268
46.407
63.082
46.286
51.479
62.321
62.374
44.8
63.775
53.061
44.484
62.42
51.567
41.616
62.737
63.672
53.195
44.985
38.769
56.997
