0.817
0.149
0.845
0.011
0.647
0.161
0.861
0.069
0.008
0.151
0.936
0.010
0.852
0.008
0.152
0.174
0.965
0.873
0.540
0.417
0.178
0.876
0.893
0.797
0.849
0.852
0.963
0.959
0.169
0.998
0.010
0.173
0.860
0.808
0.746
0.049
0.005
0.834
0.875
0.839
0.998
0.010
0.865
0.999
0.988
0.868
0.320
0.548
0.642
0.858
0.866
0.863
0.867
0.008
0.529
0.768
0.865
0.367
0.588
0.648
0.002
0.663
0.327
0.878
0.375
1.000
0.795
0.529
0.784
0.565
0.402
0.896
0.397
0.990
0.838
0.859
0.853
0.016
0.869
0.872
0.006
0.867
0.166
0.802
0.867
0.157
0.873
0.996
0.271
0.170
0.952
0.324
0.008
0.009
0.699
0.873
0.159
0.558
0.011
0.505
0.868
0.998
0.847
0.166
0.160
0.134
0.852
0.860
0.161
0.872
0.847
0.874
0.166
0.015
0.923
0.787
0.007
0.165
0.652
0.098
0.881
0.153
0.145
0.716
0.838
0.303
0.162
0.166
0.002
0.860
0.840
0.868
0.594
0.846
0.590
0.864
0.858
0.008
0.903
0.898
0.814
0.143
0.094
0.890
0.008
0.644
0.166
0.742
0.168
0.854
0.859
0.879
0.988
0.009
0.468
0.247
0.088
0.550
0.861
0.169
0.163
0.821
0.747
0.863
0.784
0.857
0.878
0.276
0.791
0.654
0.959
0.013
0.376
0.156
0.769
0.788
0.166
0.750
0.937
0.844
0.302
0.555
0.166
0.895
0.584
0.570
0.553
0.849
0.999
0.999
0.868
0.853
0.163
0.934
0.010
0.598
0.875
0.951
0.857
0.504
0.584
0.888
0.034
0.693
0.788
0.846
0.927
0.929
0.166
0.168
0.841
0.861
0.175
0.553
0.659
0.493
0.805
0.868
0.854
0.005
0.867
0.509
0.009
0.866
0.163
0.854
0.158
0.866
0.005
0.164
0.803
0.015
0.872
0.859
0.165
0.639
0.979
0.163
0.154
0.729
0.781
0.770
0.888
0.790
0.717
0.163
0.842
0.326
0.095
0.815
0.166
0.174
0.887
0.165
0.004
0.870
0.165
0.854
0.857
0.545
0.157
0.834
0.894
0.251
0.891
0.162
0.009
0.800
0.011
0.989
0.503
0.007
0.008
0.161
0.068
0.843
0.715
0.848
0.855
0.806
0.484
0.162
0.862
0.999
0.406
0.881
0.169
0.162
0.006
0.864
0.895
0.967
0.848
0.859
0.478
0.882
0.995
0.630
0.926
0.863
0.232
0.006
0.148
0.286
0.866
0.823
0.377
0.319
0.851
0.122
0.902
0.558
0.782
0.830
0.899
0.617
0.757
0.156
0.869
0.005
0.453
0.318
0.161
0.847
0.824
0.864
0.011
0.788
0.127
0.171
0.162
0.600
0.995
0.729
0.349
0.007
0.174
0.021
0.780
0.017
0.828
0.222
0.161
0.980
0.415
0.705
0.168
0.099
0.017
0.921
0.846
0.717
0.160
0.164
0.915
0.726
0.821
0.997
0.993
0.889
0.169
0.865
0.145
0.823
0.865
0.897
0.021
0.855
0.162
0.161
0.174
1.000
0.001
0.037
0.774
0.011
0.897
0.777
0.840
0.223
0.149
0.513
0.928
0.860
0.994
0.532
0.869
0.727
0.907
0.455
0.019
0.863
0.086
0.782
0.484
0.011
0.817
0.317
0.169
0.860
0.571
0.172
0.608
0.729
0.865
0.488
0.003
0.805
0.888
0.721
0.852
0.173
0.453
0.127
0.273
0.164
0.161
0.329
0.293
0.996
0.969
0.127
0.509
0.160
0.018
0.058
0.886
0.856
0.877
0.999
0.865
0.438
0.717
0.847
0.870
0.156
0.855
0.201
0.843
0.525
0.860
0.189
0.107
0.868
0.161
0.009
0.858
0.811
0.854
0.095
0.103
0.864
0.856
0.862
0.999
0.168
0.367
0.105
0.897
0.974
0.151
0.393
0.014
0.899
0.006
0.038
0.008
0.181
0.348
0.897
0.160
0.010
0.947
0.468
0.852
0.755
0.143
0.184
0.834
0.866
0.464
0.637
0.169
0.864
0.889
0.771
0.853
0.864
0.169
0.009
0.385
0.750
0.161
0.935
0.011
0.540
0.805
0.010
0.162
0.483
0.008
0.523
0.418
0.646
0.584
0.162
0.999
0.155
0.163
0.422
0.898
0.188
1.000
0.900
0.829
0.503
0.007
0.842
0.011
0.223
0.768
0.301
0.496
0.014
0.185
0.322
0.066
0.861
0.161
0.511
0.860
0.866
0.009
0.279
0.861
0.925
0.826
0.108
0.469
0.999
0.043
0.008
0.009
0.864
0.892
0.783
0.166
0.166
0.604
0.867
0.008
0.775
0.823
0.794
0.857
0.934
0.188
0.542
0.013
0.661
0.947
0.002
0.185
0.030
0.850
0.585
0.982
0.515
0.003
0.007
0.988
0.043
0.166
0.856
0.866
0.170
0.895
0.828
0.606
0.871
0.880
0.114
0.346
0.953
0.011
0.661
0.008
0.163
0.794
0.403
0.853
0.047
0.129
0.146
0.202
0.873
0.751
0.563
0.017
0.880
0.939
0.859
0.165
0.790
0.839
0.907
0.010
0.398
0.930
0.619
0.848
0.770
0.043
0.784
0.886
0.456
0.851
0.856
0.994
0.582
0.860
0.744
0.739
0.528
0.876
0.989
0.181
0.409
0.891
0.096
0.888
0.001
0.291
0.177
0.999
0.010
0.779
0.055
0.796
0.849
0.854
0.165
0.924
0.817
0.845
0.007
0.864
0.728
0.871
0.876
0.382
0.568
0.266
0.111
0.116
0.009
0.563
0.013
0.310
0.007
0.847
0.119
0.932
0.821
0.881
0.855
0.144
0.971
0.797
0.857
0.164
0.553
0.164
0.888
0.700
0.935
0.170
0.817
0.697
0.864
0.794
0.598
0.871
0.132
0.569
0.625
0.719
0.581
0.608
0.872
0.914
0.622
0.183
0.002
0.689
0.819
0.169
0.174
0.819
0.013
0.725
0.003
0.008
0.849
0.853
0.159
0.521
0.560
0.186
0.784
0.175
0.871
0.161
0.524
0.690
0.009
0.833
0.864
0.954
0.901
0.899
0.866
0.618
0.118
0.849
0.867
0.973
0.926
0.926
0.163
0.750
0.011
0.008
0.822
0.856
0.999
0.760
0.164
0.888
0.878
0.572
0.505
0.872
0.129
0.998
0.877
0.387
0.008
0.009
0.874
0.844
0.817
0.142
0.734
0.174
0.003
0.166
0.868
0.716
0.837
0.491
0.943
0.460
0.471
0.873
0.917
0.179
0.825
0.157
0.863
0.822
0.764
0.853
0.872
0.999
0.925
0.170
0.998
0.831
0.550
0.370
0.806
0.673
0.811
0.169
0.849
0.874
0.576
0.820
0.753
0.606
0.056
0.090
0.867
0.882
0.867
0.790
0.398
0.734
0.926
0.855
0.436
0.891
0.133
0.590
0.008
0.123
0.009
0.859
0.197
0.182
0.752
0.843
0.003
0.678
0.002
0.155
0.838
0.334
0.223
0.004
0.945
0.011
0.926
0.420
0.168
0.155
0.161
0.159
0.781
0.679
0.854
0.064
0.750
0.169
0.813
0.148
0.836
0.002
0.810
0.932
0.067
0.834
0.494
0.629
0.769
0.929
0.074
0.501
0.844
0.064
0.562
0.953
0.821
0.007
0.006
0.154
0.852
0.999
0.026
0.892
0.319
0.151
0.865
0.858
0.673
0.611
0.159
0.159
0.860
0.949
0.813
0.864
0.164
0.163
0.008
0.163
1.000
0.541
0.867
0.175
0.016
0.733
0.982
0.013
0.816
0.562
0.868
0.192
0.819
0.870
0.532
0.678
0.761
0.009
0.871
0.550
0.878
0.097
0.011
0.164
0.009
0.027
0.114
0.601
0.008
0.834
0.867
0.651
0.830
0.926
0.188
0.770
1.000
0.011
0.885
0.474
0.008
0.166
0.860
0.304
0.131
0.007
0.002
0.094
0.688
0.899
0.844
0.010
0.848
0.477
0.302
0.850
0.151
0.008
0.165
0.013
0.174
0.036
0.832
0.166
0.045
0.163
0.998
0.849
0.326
0.810
0.007
0.776
0.618
0.152
0.996
0.172
0.857
0.858
0.804
0.859
0.825
0.008
0.710
0.216
0.963
0.386
0.087
0.726
0.161
0.935
0.150
0.874
0.164
0.832
0.408
0.165
0.009
0.152
0.867
0.986
0.701
0.629
0.961
0.979
0.890
0.007
0.807
0.867
0.257
0.498
0.143
0.887
0.796
0.884
0.154
0.860
0.874
0.960
0.455
0.059
0.009
0.002
0.162
0.008
0.505
0.754
0.007
0.876
0.164
0.770
0.871
0.946
0.708
0.687
0.938
0.811
0.788
0.863
0.522
0.009
0.008
0.171
0.171
0.463
0.175
0.580
0.594
0.912
0.890
0.011
0.439
0.006
0.008
0.486
0.158
0.007
0.168
0.092
0.716
0.342
0.026
0.511
0.152
0.797
0.726
0.559
0.863
0.174
0.993
0.835
0.774
0.012
0.941
0.807
0.123
0.824
0.904
0.176
0.727
0.856
0.810
1.000
0.158
0.308
0.041
0.150
0.962
0.003
0.851
0.741
0.758
0.854
0.863
0.866
0.856
0.731
0.893
0.004
0.564
0.859
0.007
0.716
0.171
0.167
0.458
0.878
0.849
0.019
0.574
0.749
0.784
0.964
0.849
0.007
0.634
0.220
0.815
0.809
0.172
0.877
0.011
0.174
0.828
0.869
0.175
0.849
0.008
0.999
0.011
0.867
0.941
0.665
0.846
0.971
0.315
0.011
0.849
0.009
0.158
0.009
0.177
0.015
0.961
1.000
0.930
0.852
0.043
0.694
0.007
0.769
0.866
0.886
0.160
0.872
0.479
0.142
0.862
0.157
0.933
0.832
0.823
0.165
0.287
0.149
0.783
0.554
0.833
0.934
0.165
0.010
0.398
0.834
0.155
0.441
0.989
0.382
0.405
0.147
0.178
0.473
0.915
0.849
0.818
0.625
0.696
0.930
0.577
0.768
0.546
0.777
0.008
0.576
0.266
0.824
0.998
0.843
0.871
0.861
0.688
0.170
0.823
0.007
0.110
0.010
0.867
0.160
0.711
0.872
0.872
0.997
0.855
0.161
0.874
0.868
0.833
0.863
0.857
0.797
0.135
0.136
0.007
0.079
0.011
0.431
0.997
0.072
0.009
0.292
0.001
0.420
0.184
0.794
0.162
0.922
0.744
0.866
0.568
0.509
0.837
0.293
0.852
0.562
0.680
0.013
0.832
0.864
0.898
0.890
0.850
0.935
0.001
0.876
0.567
0.524
0.657
0.756
0.854
0.946
0.568
0.868
0.154
0.008
0.008
0.167
0.870
0.871
0.919
0.856
0.866
0.830
0.412
0.853
0.969
0.906
0.888
0.151
0.887
0.854
1.000
0.832
0.007
0.956
0.006
0.816
0.832
0.165
0.019
0.709
0.244
0.180
0.692
0.901
0.612
0.732
0.009
0.564
0.013
0.817
0.861
0.749
0.867
0.162
0.127
0.164
0.853
0.824
0.281
0.959
0.816
0.440
0.435
0.164
0.894
0.781
0.856
0.859
0.007
0.010
0.009
0.475
0.865
0.511
0.007
0.626
0.171
0.938
0.977
0.016
0.002
0.878
0.658
0.857
0.601
0.008
0.165
0.858
0.812
0.942
0.454
0.009
0.166
0.878
0.157
0.841
0.187
0.837
0.162
0.011
0.613
0.056
0.896
0.005
0.862
0.144
0.163
0.856
0.592
0.703
0.920
0.891
0.872
0.063
0.705
0.007
0.852
0.979
0.015
0.767
0.115
0.099
0.934
0.834
0.562
0.786
0.780
0.884
0.931
0.219
0.839
0.999
0.490
0.168
0.572
0.161
0.123
0.896
0.156
0.480
0.164
0.489
0.787
0.709
0.019
0.152
0.126
0.853
0.135
0.748
0.896
0.899
0.832
0.795
0.148
0.014
0.859
0.011
0.165
0.053
0.861
0.125
0.844
0.008
0.139
0.428
0.775
0.863
0.009
0.160
0.165
0.931
0.166
0.785
0.834
0.008
0.032
0.169
0.894
0.005
0.186
0.772
0.164
0.146
0.808
0.789
0.888
0.160
0.868
0.191
0.729
0.019
0.478
0.987
0.872
0.831
0.816
0.581
0.811
0.351
0.942
0.163
0.786
0.869
0.857
0.573
0.870
0.901
0.383
0.880
0.871
0.867
0.786
0.833
0.069
0.769
0.823
0.037
0.202
0.801
0.822
0.187
0.152
0.807
0.772
0.703
0.826
0.172
0.002
0.799
0.869
0.891
0.170
0.998
0.937
0.158
0.846
0.853
0.029
0.162
0.846
0.865
0.576
0.147
0.834
0.078
0.697
0.175
0.773
0.879
0.520
0.582
0.013
0.165
0.831
0.846
0.878
0.001
0.844
0.879
0.187
0.860
0.957
0.751
0.927
0.991
0.120
0.505
0.863
0.032
0.156
0.866
0.158
0.153
0.170
0.566
0.650
0.692
0.888
0.538
0.887
0.700
0.391
0.010
0.856
0.265
1.000
0.182
0.863
0.842
0.873
0.928
0.752
0.869
0.693
0.124
0.164
0.750
0.999
0.916
0.348
0.390
0.791
0.777
0.929
0.863
0.171
0.046
0.497
0.010
0.854
0.135
0.152
0.174
0.870
0.855
0.732
0.918
0.873
0.836
0.999
0.897
0.870
0.875
0.924
0.549
0.749
0.865
0.948
0.844
0.157
0.009
0.540
0.841
0.866
0.363
0.544
0.868
0.008
0.924
0.015
0.442
0.778
0.925
0.165
0.132
0.802
0.576
0.849
0.862
0.512
0.153
0.799
0.173
0.856
0.820
0.170
0.664
0.049
0.172
0.846
0.079
0.156
0.712
0.148
0.446
0.147
0.734
0.899
0.152
0.169
0.870
0.545
0.854
0.157
0.552
0.940
0.935
0.157
0.854
0.847
0.003
0.014
0.871
0.007
0.946
0.574
0.929
0.012
0.856
0.976
0.856
0.633
0.793
0.858
0.818
0.854
0.884
0.397
0.871
0.007
0.518
0.014
0.154
0.604
0.554
0.866
0.872
0.888
0.528
0.421
0.948
0.168
0.861
0.422
0.012
0.851
0.008
0.890
0.838
0.819
0.852
0.184
0.893
0.561
0.010
0.168
0.173
0.080
0.849
0.765
0.437
0.163
0.213
0.609
0.997
0.852
0.496
0.156
0.870
0.002
0.593
0.167
1.000
0.780
0.789
0.173
0.784
0.158
0.172
0.818
0.871
0.768
0.857
0.958
0.815
0.009
0.867
0.089
0.859
0.400
0.277
0.475
0.167
0.848
0.539
0.980
0.868
0.467
0.900
0.165
0.782
0.152
0.288
0.999
0.009
0.007
0.008
0.165
0.461
0.752
0.820
0.506
0.063
0.761
0.145
0.162
0.089
0.022
0.841
0.585
0.871
0.902
0.855
0.271
0.159
0.886
0.600
0.009
0.045
0.928
0.780
0.230
0.240
0.846
0.008
0.865
0.010
0.002
0.169
0.007
0.164
0.160
0.879
0.158
0.168
0.455
0.913
0.703
0.941
0.974
0.932
0.839
0.535
0.802
0.179
0.245
0.859
0.225
0.162
0.163
0.009
0.156
0.135
0.956
0.805
0.006
0.860
0.994
0.794
0.815
0.169
0.815
0.909
0.805
0.892
0.928
0.795
0.537
0.276
0.828
0.161
0.856
0.840
0.332
0.848
0.174
0.887
0.007
0.789
0.198
0.460
0.859
0.845
0.772
0.525
0.862
0.102
0.876
0.922
0.353
0.889
0.854
0.012
0.183
0.839
0.116
0.841
0.869
0.865
0.852
0.884
0.167
0.870
0.847
0.997
0.599
0.164
0.007
0.161
0.233
0.448
0.851
0.735
0.764
0.320
0.819
0.491
0.009
0.181
0.999
0.804
0.855
0.164
0.068
0.839
0.456
0.506
0.171
0.870
0.833
0.157
0.910
0.935
0.896
0.752
0.527
0.418
0.060
0.009
0.141
0.459
0.009
0.734
0.714
0.865
0.010
0.894
0.594
0.894
0.901
0.807
0.981
0.060
0.034
0.008
0.718
0.164
0.008
0.166
0.113
0.874
0.722
0.872
0.850
0.169
0.160
0.004
0.879
0.840
0.171
0.850
0.557
0.723
0.013
0.163
0.155
0.765
0.847
0.857
0.868
0.932
0.006
0.066
0.343
0.571
0.921
0.886
0.792
0.883
0.014
0.160
0.174
0.044
0.005
1.000
0.563
0.778
0.868
0.623
0.861
0.821
0.264
0.168
0.786
0.794
0.439
0.875
0.174
0.860
0.170
0.180
0.164
0.824
0.197
0.013
0.775
0.119
0.254
0.844
0.008
0.839
0.097
0.161
0.275
0.151
0.919
0.509
0.859
0.172
0.001
0.808
0.873
0.932
0.839
0.858
0.888
0.007
0.173
0.787
0.165
0.152
0.505
0.943
0.978
0.012
0.812
0.603
0.158
0.075
0.166
0.844
0.999
0.164
0.949
0.143
0.856
0.860
0.498
0.096
0.166
0.858
0.274
0.142
0.031
0.846
0.877
0.820
0.654
0.805
0.081
0.540
0.163
0.155
0.813
0.325
0.827
0.870
0.816
0.846
0.174
0.153
0.744
0.851
0.831
0.849
0.837
0.175
0.739
0.158
0.987
0.946
0.802
0.499
0.042
0.005
0.162
0.770
0.892
0.152
0.600
0.974
0.831
0.163
0.865
0.844
0.039
0.629
0.037
0.932
0.169
0.008
0.838
0.963
0.007
0.494
0.915
0.173
0.819
0.591
0.869
0.175
0.922
0.754
0.031
0.872
0.852
0.553
0.913
0.870
0.747
0.992
0.103
0.013
0.876
0.885
0.864
0.007
0.870
0.861
0.895
0.497
0.360
0.859
0.007
0.870
0.857
0.852
0.173
0.160
0.126
0.854
0.154
0.163
0.004
0.002
0.809
0.536
0.829
0.827
0.806
0.861
0.867
0.129
0.739
0.150
0.483
0.444
1.000
0.758
0.007
0.718
0.462
0.008
0.798
0.870
0.649
0.899
0.839
0.018
0.824
0.719
0.866
0.602
0.008
0.786
0.160
0.828
1.000
0.620
0.005
0.861
0.008
0.871
0.005
0.862
0.999
0.142
0.866
0.864
0.014
0.870
0.803
0.194
0.166
0.005
0.466
0.922
0.118
0.906
0.050
0.164
0.763
0.830
0.829
0.011
0.467
0.547
0.142
0.057
0.735
0.990
0.827
0.829
0.549
0.845
0.432
0.771
0.705
0.169
0.617
0.160
0.166
0.488
0.158
0.662
0.934
0.865
0.912
0.870
0.594
0.896
0.819
0.852
0.168
0.627
0.936
0.007
0.773
0.175
0.055
0.871
0.698
0.889
0.811
0.011
0.769
0.892
0.870
0.828
0.009
0.475
0.726
0.005
0.161
0.562
0.767
0.870
0.834
0.134
0.844
0.007
0.851
0.147
0.154
0.935
0.363
0.867
0.008
0.866
0.175
0.160
0.545
0.405
0.999
0.009
0.799
0.788
0.691
0.884
0.871
0.549
0.379
0.787
0.816
0.928
0.067
0.932
0.853
0.007
0.844
0.859
0.866
0.008
0.646
0.746
0.824
0.789
0.845
0.172
0.148
0.173
0.291
0.855
0.902
0.171
0.597
0.896
0.853
0.159
0.877
0.089
0.183
0.825
0.163
0.035
0.171
0.173
0.137
0.857
0.757
0.444
0.295
0.923
0.833
0.178
0.862
0.929
0.705
0.820
0.178
0.451
0.966
0.994
0.008
0.825
0.843
0.168
0.869
0.961
0.799
0.532
0.026
0.855
0.007
0.860
0.350
0.179
0.934
0.988
0.957
0.897
0.214
0.848
0.803
0.902
0.854
0.721
0.869
0.853
0.766
0.839
0.827
0.918
0.999
0.916
0.817
0.231
0.165
0.757
0.170
0.113
0.150
0.948
0.848
0.106
0.123
0.857
0.012
0.009
0.873
0.220
0.869
0.350
0.761
0.989
0.499
0.780
0.175
0.882
0.122
0.159
0.156
0.755
0.206
0.111
0.965
0.590
0.009
0.815
0.889
0.858
0.583
0.023
0.867
0.976
0.995
0.632
0.871
0.803
0.000
0.767
0.350
0.887
0.999
0.440
0.698
0.157
0.239
0.864
0.775
0.171
0.014
0.958
0.858
0.990
0.140
0.162
0.173
0.261
0.792
0.667
0.179
0.505
0.797
0.045
0.563
0.140
0.498
0.002
0.931
0.176
0.718
0.657
0.854
0.237
0.556
0.239
0.999
0.558
0.747
0.999
0.874
0.919
0.737
0.872
0.797
0.034
0.153
0.157
0.109
0.859
0.367
0.375
0.999
0.874
0.188
0.844
0.894
0.172
0.835
0.999
0.101
0.851
0.873
0.878
0.850
0.685
0.529
0.914
0.877
0.061
0.850
0.021
0.145
0.159
0.159
0.880
0.000
0.031
0.818
0.850
0.105
0.006
0.794
0.864
0.166
0.336
0.000
0.870
0.586
0.626
0.155
0.121
0.980
0.855
0.617
0.807
0.726
0.896
0.148
0.806
0.954
0.869
0.552
0.998
0.009
0.544
0.167
0.177
0.006
0.869
0.164
0.820
0.885
0.161
0.002
0.167
0.115
0.567
0.728
0.892
0.987
0.724
0.008
0.162
0.011
0.892
0.885
0.137
0.767
0.797
0.984
0.954
0.748
0.868
0.866
0.007
0.182
0.832
0.909
0.851
0.854
0.521
0.119
0.252
0.568
0.171
0.866
0.899
0.816
0.002
0.798
0.570
0.858
0.849
0.564
0.998
0.860
0.907
0.999
0.218
0.150
0.005
0.542
0.147
0.447
0.377
0.003
0.976
0.169
0.871
0.811
0.859
0.176
0.616
0.715
0.706
0.156
0.852
0.813
0.707
0.989
0.681
0.935
0.166
0.895
0.999
0.522
0.723
0.785
0.569
0.860
0.824
0.179
0.791
0.585
0.886
0.753
0.137
0.865
0.854
0.010
0.158
0.007
0.167
0.009
0.550
0.283
0.514
0.456
0.900
0.807
0.380
0.832
0.615
0.864
0.885
0.173
0.176
0.853
0.891
0.842
0.879
0.236
0.894
0.854
0.807
0.170
0.998
0.865
0.166
0.998
0.829
0.362
0.858
0.572
0.293
0.171
0.697
0.186
0.159
0.630
0.167
0.822
0.515
0.001
0.871
0.333
0.531
0.815
0.255
0.894
0.165
0.006
0.680
0.857
0.866
0.355
0.082
0.874
0.833
0.169
0.173
0.167
0.010
0.283
0.175
0.160
0.797
0.842
0.797
0.534
0.887
0.869
0.012
0.872
0.771
0.998
0.440
0.756
0.172
0.893
0.072
0.842
0.178
0.890
0.572
0.873
0.165
0.232
0.785
0.724
0.821
0.959
0.829
0.849
0.792
0.734
0.011
0.058
0.897
0.167
0.411
0.633
0.853
0.001
0.739
0.988
0.173
0.754
0.159
0.861
0.831
0.687
0.360
0.177
0.862
0.869
0.103
0.513
0.852
0.845
0.397
0.931
0.881
0.880
0.294
0.163
0.005
0.831
0.808
0.999
0.161
0.845
0.559
0.994
0.020
0.170
0.166
0.561
0.831
0.626
0.303
0.419
0.787
0.447
0.177
0.156
0.012
0.148
0.252
0.863
0.403
0.442
0.178
0.764
0.840
0.007
0.559
0.173
0.007
0.830
0.084
0.781
0.009
0.932
0.869
0.105
0.566
0.009
0.887
0.009
0.710
0.531
0.179
0.073
0.242
0.897
0.860
0.800
0.854
0.839
0.564
0.819
0.170
0.867
0.158
0.589
0.581
0.016
0.011
0.774
0.007
0.864
0.167
0.857
0.849
0.073
0.180
0.156
0.331
0.171
0.862
0.961
0.871
0.844
0.609
0.798
0.897
0.163
0.644
0.601
0.852
0.574
0.923
0.004
0.182
0.158
0.354
0.151
0.599
0.483
0.901
0.977
0.945
0.723
0.874
0.928
0.773
0.844
0.108
0.862
0.555
0.008
0.864
0.174
0.817
0.164
0.899
0.718
0.947
0.854
0.871
0.560
0.176
0.571
0.172
0.998
0.764
0.685
0.795
0.008
0.003
0.001
0.080
0.600
0.853
0.884
0.889
0.156
0.999
0.163
0.889
0.773
0.872
0.345
0.769
0.790
0.182
0.907
0.853
0.775
0.869
0.994
0.474
0.038
0.172
0.817
0.522
0.916
0.995
0.800
0.998
0.853
0.868
0.840
0.865
0.992
0.931
0.866
0.866
0.871
0.011
0.534
0.418
0.785
0.002
0.870
0.771
0.796
0.157
0.043
0.928
0.571
0.078
0.174
0.323
0.168
0.405
0.936
0.167
0.026
0.666
0.839
0.880
0.175
0.872
0.079
0.867
0.752
0.172
0.176
0.865
0.820
0.928
0.853
0.144
0.162
0.881
0.010
0.867
0.852
0.169
0.177
0.519
0.867
0.759
0.493
0.840
0.765
0.148
0.846
0.887
0.936
0.317
0.885
0.871
0.864
1.000
0.976
0.858
0.363
0.959
0.603
0.568
0.004
0.542
0.083
0.160
0.815
0.828
0.939
0.999
0.085
0.857
0.783
0.163
0.640
0.161
0.886
0.877
0.894
0.159
0.967
0.848
0.799
0.832
0.845
0.001
0.872
0.174
0.881
0.869
0.632
0.007
0.008
0.895
0.443
0.172
0.867
0.155
0.165
0.936
0.690
0.819
0.700
0.194
0.939
0.028
0.815
0.142
0.936
0.856
0.648
0.856
0.611
0.097
0.169
0.479
0.007
0.850
0.631
0.513
0.063
0.961
0.868
0.171
0.171
0.011
0.183
0.677
0.480
0.826
0.056
0.425
0.873
0.166
0.141
0.500
0.851
0.949
0.850
0.145
0.549
0.161
0.999
0.997
0.861
0.008
0.925
0.793
0.779
0.868
0.156
0.786
0.970
0.175
0.868
0.685
0.943
0.928
0.153
0.899
0.169
0.556
0.700
0.811
0.956
0.367
0.869
0.899
0.601
0.171
0.850
0.162
0.854
0.870
0.008
0.011
0.925
0.857
0.153
0.167
0.083
0.978
0.856
0.166
0.821
0.153
0.007
0.802
0.011
1.000
0.607
0.008
0.791
0.821
0.871
0.878
0.796
0.746
0.466
0.365
0.568
0.604
0.785
0.160
0.695
0.988
0.149
0.472
0.129
0.763
0.889
0.803
0.157
0.167
0.855
0.924
0.008
0.861
0.850
0.982
0.331
0.009
0.133
0.161
0.870
0.858
0.008
0.811
0.949
0.546
0.564
0.961
0.821
0.862
0.489
0.009
0.789
0.299
0.688
0.060
0.678
0.654
0.175
0.012
0.158
0.750
0.831
0.860
0.169
0.920
0.855
0.343
1.000
0.165
0.014
0.272
0.870
0.828
0.860
0.564
0.151
0.908
0.486
0.931
0.721
0.770
0.978
0.998
0.009
0.150
0.896
0.905
0.212
0.163
0.898
0.776
0.982
0.872
0.164
0.854
0.868
0.877
0.835
0.641
0.863
0.166
0.802
0.576
0.168
0.985
0.822
0.678
0.010
0.869
0.894
0.910
0.170
0.428
0.172
0.732
0.744
0.833
0.061
0.869
0.509
0.324
0.881
0.808
0.840
0.741
0.061
0.798
0.547
0.668
0.009
0.869
0.869
0.177
0.875
0.851
0.015
0.802
0.997
0.851
0.857
0.746
0.854
0.008
0.688
0.937
0.008
0.851
0.858
0.170
0.823
0.165
0.854
0.009
0.811
0.009
0.167
0.183
0.226
0.018
0.012
0.280
0.694
0.805
0.157
0.239
0.534
0.171
0.798
0.840
0.149
0.625
0.896
0.110
0.171
0.483
0.162
0.882
0.857
0.132
0.898
0.315
0.835
0.011
0.863
0.169
0.846
0.163
0.430
0.759
0.683
0.847
0.834
0.834
0.002
0.830
0.171
0.859
0.916
0.056
0.896
0.156
0.690
0.655
0.765
0.783
0.543
0.872
0.789
0.128
0.498
0.255
0.884
0.878
0.865
0.164
0.027
0.985
0.768
0.864
0.839
0.167
0.488
0.142
0.529
0.937
0.678
0.865
0.854
0.541
0.664
0.172
0.013
0.153
0.178
0.161
0.163
0.999
0.827
0.721
0.160
0.887
0.870
0.930
0.846
0.967
0.175
0.854
0.934
0.857
0.302
0.839
0.898
0.167
0.504
0.161
0.882
0.849
0.010
0.167
0.868
0.151
0.482
0.014
0.871
0.835
0.877
0.795
0.066
0.862
0.007
0.829
0.757
0.167
0.167
0.400
0.009
0.011
0.323
0.999
0.009
0.149
0.156
0.068
0.519
0.540
0.861
0.960
0.895
0.530
0.897
0.870
0.003
0.851
0.010
0.003
0.869
0.150
0.858
0.007
0.868
0.861
0.341
0.150
0.008
0.626
0.718
0.006
0.151
0.153
0.675
0.849
0.897
0.160
0.781
0.527
0.855
0.999
0.129
0.850
0.812
0.161
0.183
0.168
0.858
0.424
0.527
0.933
0.170
0.829
0.184
0.170
0.945
0.172
0.847
0.868
0.745
0.841
0.188
0.414
0.801
0.868
0.009
0.328
0.166
0.728
0.873
0.977
0.171
0.713
0.181
0.348
0.874
0.857
0.887
0.900
0.520
0.990
0.169
0.009
0.561
0.828
0.343
0.014
0.663
0.869
0.625
0.874
0.641
0.159
0.158
0.818
0.836
0.869
0.697
0.800
0.885
0.911
0.512
0.115
0.783
0.185
0.170
0.173
0.620
0.855
0.780
0.136
0.299
0.850
0.478
0.042
0.782
0.850
0.852
0.141
0.827
0.155
0.235
0.356
0.011
0.006
0.161
0.704
0.007
0.998
0.777
0.176
0.845
0.422
0.844
0.085
0.375
0.156
0.008
0.081
0.913
0.104
0.163
0.163
0.006
0.875
0.173
0.850
0.884
0.675
0.009
0.906
0.887
0.015
0.769
0.010
0.053
0.840
0.872
0.165
0.003
0.812
0.744
0.863
0.915
0.013
0.927
0.865
0.995
0.118
0.647
0.528
0.873
0.799
0.755
0.838
0.864
0.523
0.164
0.864
0.119
0.101
0.167
0.008
0.862
0.886
0.842
0.009
0.873
0.163
0.890
0.858
0.163
0.229
0.889
0.992
0.957
0.858
0.842
0.886
0.008
0.150
0.820
0.167
0.926
0.007
0.988
0.856
0.166
0.895
1.000
0.014
0.803
0.289
0.703
0.868
0.843
0.562
0.842
0.716
0.172
0.850
0.719
0.039
0.868
0.702
0.279
0.008
0.281
0.766
0.887
0.750
0.009
0.870
0.163
0.871
0.593
0.156
0.163
0.175
0.855
0.866
0.169
0.642
0.800
0.708
0.758
0.860
0.537
0.894
0.943
0.948
0.169
0.967
0.588
0.738
0.853
0.568
0.186
0.154
0.814
0.863
0.048
0.749
0.701
0.999
0.195
0.210
0.083
0.924
0.675
0.548
0.937
0.271
0.299
0.867
0.003
0.815
0.160
0.781
0.511
0.834
0.156
0.869
0.895
0.008
0.854
0.808
0.156
0.161
0.832
0.955
0.889
0.008
0.010
0.246
0.420
0.033
0.560
0.012
0.879
0.869
0.501
0.822
0.932
0.855
0.873
0.874
0.556
0.086
0.011
0.804
0.484
0.160
0.898
0.855
0.636
0.526
0.891
0.846
0.429
0.828
0.182
0.907
0.325
0.857
0.045
0.180
0.558
0.645
0.587
0.785
0.163
0.716
0.163
0.384
0.873
0.867
0.871
0.847
0.819
0.165
0.543
0.829
0.841
0.852
0.163
0.003
0.849
0.749
0.088
0.161
0.955
0.708
0.799
0.073
0.777
0.901
0.115
0.176
0.817
0.549
0.885
0.007
0.844
0.524
0.787
0.872
0.148
0.044
0.825
0.157
0.653
0.737
0.159
0.616
0.284
0.163
0.009
0.167
0.806
0.999
0.277
0.887
0.175
0.165
0.011
0.881
0.168
0.010
0.956
0.867
0.990
0.160
0.933
0.767
0.169
0.024
0.170
0.850
0.004
0.328
0.865
0.878
0.871
0.008
1.000
0.172
0.551
0.232
0.866
0.826
0.792
0.504
0.163
0.865
0.894
